3 0.178320 0.444396 0.353578 0.608042
4 0.617992 0.623573 0.274109 0.457396
1 0.605734 0.418344 0.220625 0.210104
1 0.831742 0.339323 0.085953 0.386521
1 0.893258 0.383146 0.094391 0.411250
1 0.392813 0.398885 0.064438 0.221021
1 0.888328 0.186354 0.051281 0.135375
1 0.454477 0.321771 0.040547 0.068958
1 0.994219 0.179125 0.011562 0.115083
1 0.419180 0.314167 0.020172 0.056750
27 0.780766 0.260656 0.068250 0.120688
27 0.370328 0.368229 0.022969 0.075833
31 0.912109 0.388271 0.052219 0.088667
1 0.955820 0.219125 0.039203 0.089708
1 0.438281 0.317948 0.034250 0.084021
1 0.854461 0.238250 0.057797 0.112833
1 0.928687 0.173729 0.043500 0.121167
6 0.405000 0.225458 0.134063 0.283833
1 0.952867 0.144146 0.035359 0.077083
