44 0.021438 0.151749 0.042875 0.246502
62 0.297102 0.767054 0.217109 0.319742
67 0.610812 0.797653 0.773688 0.381174
1 0.539211 0.448392 0.395672 0.673826
46 0.846172 0.524096 0.084187 0.244108
46 0.535187 0.806655 0.111344 0.355892
46 0.150891 0.217676 0.032219 0.109061
59 0.794391 0.688545 0.238937 0.126526
79 0.308047 0.460329 0.238937 0.364178
44 0.050484 0.141209 0.057937 0.251948
44 0.095828 0.148345 0.045188 0.251901
46 0.137078 0.209777 0.033031 0.118803
51 0.688648 0.183556 0.115578 0.091995
