62 0.562875 0.529740 0.064031 0.088396
62 0.395570 0.725198 0.053547 0.286604
62 0.628187 0.758865 0.113563 0.146937
1 0.517102 0.656094 0.237109 0.473104
1 0.745063 0.464271 0.116125 0.403625
1 0.304187 0.570292 0.171469 0.337500
1 0.275711 0.710073 0.324953 0.549229
75 0.572977 0.661646 0.031547 0.012708
75 0.784297 0.656365 0.046094 0.027813
62 0.045305 0.642094 0.090609 0.217021
62 0.370914 0.537208 0.059797 0.186042
62 0.391906 0.511781 0.032094 0.137813
62 0.407875 0.511562 0.019094 0.141583
75 0.712375 0.669479 0.025938 0.011708
62 0.226281 0.864594 0.182625 0.199563
62 0.419359 0.443937 0.037219 0.052083
62 0.568227 0.593844 0.040703 0.053146
62 0.340523 0.498677 0.015109 0.111687
62 0.367867 0.460344 0.069391 0.111396
75 0.291289 0.724000 0.036297 0.024042
75 0.792180 0.667177 0.025078 0.018104
1 0.653477 0.655167 0.167203 0.403042
