1 0.784422 0.525229 0.032094 0.119375
1 0.864102 0.519240 0.013297 0.060438
1 0.955023 0.500042 0.026641 0.036625
1 0.834203 0.508500 0.009281 0.021167
4 0.061141 0.634979 0.122281 0.289667
4 0.165969 0.619083 0.170187 0.210375
4 0.275953 0.602187 0.085594 0.213625
4 0.347508 0.618375 0.107984 0.147375
4 0.378602 0.581875 0.146422 0.174250
4 0.467984 0.572104 0.080687 0.155500
4 0.506586 0.561688 0.124984 0.144042
4 0.648398 0.561594 0.033266 0.069313
4 0.579883 0.558615 0.053172 0.131896
4 0.611227 0.568438 0.070953 0.082208
4 0.662375 0.555594 0.039062 0.078437
4 0.682250 0.540250 0.039594 0.092792
4 0.712141 0.548542 0.033063 0.057500
