3 0.527773 0.547920 0.640328 0.335840
6 0.094703 0.344814 0.108000 0.074551
1 0.553922 0.574043 0.198656 0.583906
1 0.900672 0.634453 0.107875 0.662930
10 0.176484 0.169297 0.021781 0.087695
1 0.190008 0.397100 0.032359 0.105176
1 0.106820 0.389600 0.027391 0.117520
1 0.259789 0.370098 0.020047 0.063359
33 0.227500 0.428379 0.042312 0.038398
1 0.322406 0.384834 0.033813 0.125449
31 0.973445 0.606943 0.049328 0.109238
31 0.824914 0.606416 0.039828 0.097637
10 0.426563 0.222725 0.023750 0.039160
64 0.790758 0.408652 0.096672 0.179766
1 0.421031 0.375859 0.033500 0.056094
