37 0.430060 0.760697 0.013440 0.019496
37 0.397440 0.757938 0.012280 0.019199
1 0.619430 0.413279 0.081420 0.273145
1 0.512200 0.501217 0.069600 0.146469
1 0.417210 0.536558 0.078460 0.194659
1 0.135100 0.342552 0.043760 0.156202
1 0.094380 0.341365 0.047440 0.191454
1 0.877240 0.147552 0.015360 0.085786
1 0.452400 0.180208 0.036600 0.092522
40 0.108360 0.356083 0.011920 0.031632
40 0.437020 0.602938 0.023440 0.040119
40 0.523380 0.558353 0.027560 0.042047
1 0.433880 0.182893 0.017840 0.082760
1 0.545780 0.156513 0.021800 0.076113
37 0.403130 0.400623 0.006180 0.012997
40 0.140620 0.367136 0.018040 0.033501
1 0.460880 0.156528 0.015880 0.070742
40 0.642140 0.324970 0.010680 0.019496
1 0.400790 0.184125 0.024980 0.087181
