72 0.718305 0.328875 0.097422 0.204125
62 0.748391 0.787479 0.249375 0.345292
62 0.653227 0.934406 0.303234 0.131187
62 0.088711 0.583865 0.177422 0.191396
67 0.378523 0.755292 0.718234 0.480000
1 0.248594 0.348875 0.203938 0.453917
1 0.948828 0.510385 0.099000 0.975604
1 0.791195 0.448656 0.119391 0.598646
1 0.865445 0.521354 0.156734 0.840458
1 0.485203 0.377125 0.228875 0.391917
49 0.355578 0.525073 0.056344 0.046229
61 0.412789 0.565521 0.106891 0.061167
1 0.442852 0.251896 0.175891 0.423958
1 0.295063 0.228375 0.090312 0.222542
48 0.386445 0.619625 0.021578 0.024458
48 0.400398 0.618552 0.027234 0.033229
61 0.593766 0.585542 0.117125 0.069042
61 0.935156 0.300271 0.052687 0.018292
61 0.793461 0.323937 0.034922 0.011625
61 0.325195 0.303906 0.017422 0.009104
47 0.489805 0.719844 0.055266 0.119938
47 0.315977 0.555875 0.045359 0.073583
61 0.345773 0.545396 0.040391 0.022042
61 0.399906 0.309292 0.029906 0.024167
