28 0.947188 0.444937 0.104500 0.103375
28 0.068328 0.422531 0.136656 0.146604
1 0.574859 0.612875 0.065344 0.063875
1 0.457992 0.327188 0.061328 0.135208
1 0.302922 0.364740 0.049812 0.185938
1 0.218867 0.386385 0.045922 0.187146
1 0.160836 0.468125 0.048453 0.262542
42 0.299906 0.394719 0.011750 0.101062
42 0.287305 0.379427 0.025609 0.097187
1 0.263813 0.297562 0.023250 0.069083
1 0.195445 0.373385 0.034547 0.249312
1 0.819625 0.513969 0.045594 0.247604
1 0.276039 0.331990 0.035547 0.125771
1 0.972922 0.630083 0.054156 0.280083
1 0.052719 0.635646 0.099219 0.301292
