3 0.928391 0.394800 0.097875 0.102476
8 0.441133 0.504092 0.790891 0.955590
1 0.125523 0.499139 0.126266 0.580731
1 0.115859 0.474080 0.126063 0.403396
1 0.315383 0.308361 0.052297 0.195212
1 0.860883 0.392665 0.027328 0.152358
2 0.035984 0.434882 0.071969 0.087311
44 0.267430 0.386191 0.015672 0.052712
44 0.288766 0.384575 0.016000 0.050047
44 0.310055 0.391226 0.015703 0.043726
77 0.327109 0.258302 0.010969 0.029481
1 0.742789 0.335318 0.034234 0.039033
2 0.933016 0.461816 0.091156 0.092736
3 0.788453 0.355755 0.046437 0.043726
