43 0.556375 0.438063 0.147167 0.150812
62 0.144406 0.274797 0.112396 0.036187
62 0.047875 0.187438 0.070792 0.044656
1 0.957021 0.423547 0.049875 0.092656
1 0.286740 0.228055 0.137313 0.121703
1 0.047333 0.112062 0.088542 0.123687
1 0.013667 0.226602 0.027333 0.078984
1 0.736187 0.259102 0.095333 0.268984
1 0.541469 0.027320 0.060646 0.053078
1 0.588219 0.040297 0.060687 0.038281
1 0.689625 0.043664 0.072875 0.050641
1 0.488135 0.587492 0.331688 0.559703
1 0.946771 0.060836 0.106458 0.063109
1 0.932854 0.047375 0.054000 0.044562
62 0.040833 0.280617 0.081667 0.038484
62 0.177875 0.237234 0.099708 0.063344
62 0.754146 0.060437 0.066625 0.017938
1 0.097042 0.215281 0.134458 0.122313
