62 0.847398 0.851646 0.235172 0.296708
62 0.615609 0.847531 0.210844 0.270396
62 0.027359 0.701250 0.051031 0.068917
1 0.724250 0.612729 0.127969 0.205458
1 0.570750 0.747833 0.183312 0.387167
1 0.315969 0.665479 0.153688 0.286333
1 0.428805 0.518667 0.037797 0.074083
1 0.571031 0.537698 0.110156 0.312604
1 0.682664 0.587802 0.038234 0.106479
1 0.302000 0.838521 0.181500 0.322958
1 0.424500 0.594000 0.032406 0.156500
62 0.057617 0.867198 0.115234 0.242188
62 0.785547 0.643573 0.081844 0.134021
1 0.489727 0.369177 0.036203 0.033021
72 0.670078 0.406500 0.114688 0.138000
