19 0.406727 0.630380 0.769984 0.739239
1 0.815063 0.308565 0.212062 0.524783
1 0.580789 0.331848 0.033797 0.070565
64 0.258914 0.116402 0.039422 0.057587
64 0.175523 0.123707 0.019797 0.039370
64 0.116656 0.124207 0.022562 0.042935
1 0.952156 0.252565 0.025250 0.037087
1 0.595266 0.312413 0.024000 0.049870
1 0.929836 0.256815 0.014328 0.024196
1 0.649281 0.322163 0.029969 0.028804
1 0.675984 0.325054 0.024156 0.020935
1 0.968211 0.280674 0.063578 0.135826
64 0.628977 0.135989 0.025641 0.051935
64 0.659000 0.140576 0.024375 0.048457
77 0.757766 0.244435 0.018250 0.024217
1 0.717102 0.295848 0.035516 0.050087
1 0.611461 0.316902 0.017953 0.033717
