1 0.187625 0.725812 0.154219 0.548375
1 0.355328 0.537208 0.159500 0.647708
1 0.429055 0.414417 0.148641 0.385125
1 0.703648 0.504500 0.392703 0.964042
1 0.450766 0.691979 0.170563 0.616042
47 0.929742 0.711010 0.027953 0.047271
75 0.531930 0.562698 0.073453 0.040438
75 0.356500 0.610417 0.049000 0.080167
75 0.376820 0.516990 0.059984 0.025438
84 0.968313 0.784958 0.063375 0.027042
84 0.918820 0.797094 0.103828 0.062104
84 0.929344 0.826333 0.132250 0.064625
47 0.958789 0.704375 0.026703 0.047042
47 0.903617 0.723010 0.029516 0.049688
67 0.933258 0.752260 0.133484 0.164396
75 0.476820 0.637990 0.094203 0.032229
84 0.880422 0.887323 0.055375 0.075604
84 0.966578 0.864083 0.054531 0.049333
84 0.906344 0.848062 0.095469 0.064000
62 0.923492 0.460750 0.057359 0.193458
63 0.907305 0.612448 0.075609 0.143187
75 0.447070 0.680135 0.031578 0.039854
75 0.389234 0.628063 0.026812 0.073917
75 0.590766 0.558490 0.045781 0.054062
1 0.560789 0.646917 0.248297 0.704583
