5 0.543719 0.534836 0.833156 0.435962
3 0.914305 0.717746 0.041422 0.037934
3 0.217055 0.713662 0.029891 0.044883
1 0.227250 0.730387 0.014469 0.039038
1 0.403078 0.734601 0.005562 0.023192
1 0.802125 0.809143 0.030281 0.026268
3 0.653180 0.714589 0.060578 0.040728
3 0.177664 0.722711 0.040359 0.052042
5 0.091797 0.599308 0.183594 0.163826
8 0.795625 0.717758 0.068906 0.045892
8 0.891969 0.740998 0.081344 0.059836
8 0.966328 0.712958 0.067344 0.056808
8 0.161656 0.687359 0.089781 0.046455
3 0.802281 0.873721 0.270875 0.105423
