62 0.944820 0.632469 0.109480 0.436559
1 0.413590 0.445436 0.676140 0.784738
51 0.748940 0.388192 0.168920 0.081172
75 0.439390 0.651172 0.056300 0.231322
84 0.330710 0.907668 0.369460 0.182020
1 0.519050 0.725474 0.144180 0.305611
46 0.829490 0.197107 0.034780 0.194314
67 0.083800 0.893254 0.160400 0.182020
87 0.064270 0.833105 0.098180 0.093741
46 0.707150 0.202319 0.049060 0.164439
46 0.577630 0.185960 0.051940 0.180000
46 0.638670 0.185898 0.055580 0.189302
46 0.665690 0.203167 0.050780 0.158105
46 0.734390 0.197756 0.036580 0.171521
46 0.774160 0.202382 0.077080 0.175237
