7 0.799078 0.462181 0.400156 0.427306
1 0.156195 0.579069 0.079703 0.302583
1 0.214781 0.576014 0.047875 0.246028
1 0.236687 0.570514 0.027531 0.242083
1 0.435141 0.548653 0.052719 0.230861
1 0.476719 0.529583 0.029469 0.195333
1 0.520891 0.520153 0.043375 0.194194
27 0.076812 0.521139 0.029687 0.078167
27 0.081914 0.517292 0.023359 0.074861
31 0.250039 0.620847 0.011516 0.053361
33 0.054570 0.631347 0.052266 0.137917
1 0.582180 0.515611 0.023078 0.147833
1 0.594547 0.519694 0.020313 0.144444
1 0.336867 0.553931 0.054359 0.222472
1 0.564055 0.528319 0.032328 0.174583
1 0.089766 0.571125 0.048125 0.260139
32 0.434719 0.504111 0.007125 0.053889
33 0.548188 0.573847 0.013844 0.046972
1 0.162156 0.473736 0.027187 0.062083
31 0.192672 0.655083 0.028094 0.077333
