43 0.543641 0.153735 0.110563 0.211282
1 0.573633 0.576400 0.260266 0.712361
1 0.753281 0.617782 0.204687 0.376577
1 0.938945 0.553887 0.089578 0.154418
1 0.912641 0.403836 0.148156 0.315531
1 0.922383 0.229418 0.111234 0.179578
1 0.152336 0.573196 0.129391 0.130641
1 0.784609 0.346720 0.102188 0.162007
1 0.884992 0.150919 0.071922 0.133035
1 0.729547 0.280599 0.098437 0.166863
1 0.253070 0.536459 0.122609 0.163710
1 0.197648 0.420270 0.107484 0.190118
62 0.384789 0.618103 0.092922 0.028044
62 0.278109 0.616838 0.100281 0.024503
62 0.696891 0.591189 0.069594 0.071383
62 0.854523 0.484452 0.095922 0.130860
62 0.725023 0.439174 0.054172 0.051366
62 0.229906 0.531071 0.096500 0.087268
62 0.962070 0.333971 0.049203 0.093609
62 0.122328 0.518938 0.097281 0.051602
62 0.399422 0.317698 0.021250 0.032125
62 0.472320 0.119688 0.088047 0.072395
62 0.599789 0.082521 0.082516 0.096476
62 0.511352 0.084874 0.089641 0.093288
1 0.307109 0.426433 0.099562 0.192395
32 0.773570 0.581307 0.034734 0.125818
62 0.567156 0.105927 0.080719 0.048820
77 0.955398 0.540641 0.017234 0.026678
1 0.141820 0.270017 0.107016 0.144081
