28 0.857870 0.765613 0.104500 0.440453
84 0.246060 0.840453 0.188760 0.130347
84 0.414950 0.932227 0.237780 0.135547
84 0.554400 0.912800 0.203640 0.148320
87 0.729920 0.732320 0.050320 0.058720
1 0.797220 0.442453 0.405560 0.585173
62 0.240970 0.811813 0.276860 0.135147
72 0.501990 0.264760 0.110900 0.128507
84 0.701490 0.438773 0.010980 0.040053
84 0.621000 0.967013 0.097160 0.065973
84 0.228320 0.846187 0.254280 0.158080
84 0.267860 0.763200 0.138320 0.088320
87 0.785720 0.807627 0.041960 0.046240
87 0.752410 0.759507 0.034900 0.124080
