2 0.307047 0.479579 0.047469 0.103224
2 0.303586 0.788224 0.177578 0.402570
2 0.457953 0.525397 0.057625 0.199766
3 0.617969 0.454136 0.134688 0.151449
3 0.066727 0.491636 0.132109 0.260327
6 0.836313 0.365993 0.323156 0.351238
1 0.227094 0.382079 0.028031 0.127336
1 0.257063 0.379509 0.028594 0.118178
1 0.451148 0.446612 0.066109 0.265748
1 0.341883 0.574907 0.190859 0.741589
1 0.669305 0.360654 0.030141 0.035794
1 0.524531 0.419486 0.045844 0.199766
1 0.310023 0.385526 0.038453 0.097500
1 0.497016 0.436215 0.047188 0.215000
27 0.184359 0.381939 0.061719 0.081963
1 0.612852 0.371063 0.031359 0.048107
1 0.017617 0.323843 0.035234 0.092126
1 0.479438 0.353026 0.016531 0.026986
2 0.155938 0.542839 0.120125 0.178575
1 0.161297 0.460082 0.099687 0.273575
2 0.514453 0.502991 0.045312 0.123925
1 0.031828 0.339731 0.016625 0.044509
