32 0.630367 0.549531 0.024266 0.050438
1 0.806742 0.660667 0.386516 0.669667
1 0.649586 0.548500 0.275516 0.443083
1 0.515508 0.354927 0.062516 0.166688
53 0.390453 0.923240 0.055781 0.046562
53 0.107117 0.861719 0.059016 0.058813
53 0.294641 0.722760 0.035813 0.033563
1 0.412984 0.309594 0.109156 0.261063
1 0.679977 0.334729 0.109359 0.258333
1 0.789094 0.452500 0.164938 0.382625
1 0.826969 0.323521 0.075781 0.181375
1 0.452172 0.431219 0.191875 0.330104
1 0.598164 0.391656 0.119297 0.211729
1 0.978508 0.368875 0.040953 0.285250
53 0.060742 0.346438 0.121016 0.062667
53 0.072672 0.680698 0.041281 0.028229
53 0.371805 0.683667 0.743609 0.632667
1 0.498422 0.202083 0.058437 0.090917
