63 0.476617 0.797854 0.230641 0.382792
1 0.300000 0.593823 0.353938 0.795521
1 0.712844 0.617677 0.371625 0.764646
44 0.022219 0.720802 0.023000 0.093021
44 0.967016 0.951229 0.029187 0.097542
44 0.006875 0.724917 0.013750 0.088375
75 0.874914 0.545156 0.035328 0.032271
75 0.419500 0.602927 0.038687 0.032354
27 0.821133 0.871698 0.147422 0.186896
64 0.939492 0.516771 0.121016 0.295625
75 0.441664 0.502250 0.027141 0.034917
75 0.633703 0.463219 0.054094 0.099437
62 0.475617 0.797240 0.224609 0.405521
