44 0.423080 0.147969 0.033472 0.183438
47 0.576244 0.242695 0.105643 0.278641
47 0.786285 0.252859 0.143356 0.306438
47 0.947304 0.294859 0.093539 0.358938
47 0.690267 0.236492 0.057696 0.268609
49 0.711536 0.719453 0.576928 0.091719
50 0.688998 0.806125 0.622003 0.091625
59 0.513815 0.523602 0.912371 0.310109
1 0.095960 0.234156 0.181369 0.454313
1 0.207621 0.127562 0.303389 0.255125
1 0.796319 0.063617 0.343623 0.126766
47 0.489432 0.193484 0.051285 0.128844
59 0.353848 0.295258 0.369566 0.089734
67 0.512487 0.524680 0.975025 0.924672
