1 0.613734 0.547528 0.006656 0.032167
1 0.479883 0.547764 0.006922 0.026806
1 0.415719 0.549611 0.007250 0.036722
1 0.401070 0.548222 0.011672 0.043611
1 0.947359 0.549167 0.010063 0.037667
1 0.420164 0.532306 0.007609 0.050889
38 0.449742 0.584014 0.671453 0.263528
38 0.153719 0.309903 0.049094 0.042583
38 0.247750 0.262083 0.040688 0.039944
38 0.334789 0.205569 0.048922 0.041861
38 0.807141 0.097778 0.033406 0.032056
38 0.438695 0.163653 0.077453 0.063194
38 0.970141 0.036764 0.059719 0.073528
38 0.385211 0.057792 0.022391 0.023139
38 0.010617 0.398417 0.021078 0.037500
38 0.054164 0.358486 0.056422 0.043472
38 0.442414 0.069708 0.145328 0.139417
38 0.657273 0.435653 0.050766 0.062750
1 0.667594 0.551611 0.005312 0.028333
1 0.742609 0.550556 0.007656 0.030500
1 0.539672 0.552208 0.014688 0.022194
1 0.724469 0.556444 0.006313 0.022667
1 0.974008 0.559514 0.005234 0.022361
38 0.698852 0.488056 0.067828 0.131833
1 0.939063 0.562181 0.006531 0.012917
1 0.301828 0.555819 0.009437 0.029028
