37 0.761742 0.817342 0.010453 0.018327
62 0.813055 0.806729 0.115984 0.182528
43 0.586859 0.813058 0.144844 0.184777
1 0.634727 0.629210 0.317359 0.741580
1 0.308305 0.624349 0.093547 0.183680
1 0.208703 0.553801 0.031938 0.049870
1 0.150523 0.630242 0.063703 0.167286
1 0.098117 0.594526 0.039734 0.086487
1 0.047742 0.608411 0.061453 0.086970
1 0.025430 0.673420 0.050859 0.082788
1 0.202133 0.649442 0.094453 0.130335
1 0.287922 0.566747 0.027563 0.050818
85 0.781961 0.747825 0.008734 0.013829
1 0.260070 0.614294 0.068359 0.197472
1 0.184719 0.557091 0.037437 0.076413
1 0.228187 0.644340 0.074375 0.146487
1 0.125227 0.586877 0.058391 0.103978
