62 0.076047 0.165653 0.070938 0.055501
62 0.024188 0.174417 0.048375 0.067156
39 0.744383 0.534627 0.078422 0.058485
40 0.393750 0.596935 0.034781 0.068741
1 0.621227 0.585175 0.309047 0.467086
1 0.267180 0.687517 0.291203 0.337226
1 0.113078 0.643100 0.172094 0.412308
1 0.312562 0.141573 0.091875 0.125851
1 0.608930 0.257541 0.125984 0.210326
1 0.545648 0.269103 0.063953 0.236014
1 0.230891 0.146154 0.078906 0.130117
1 0.144602 0.152238 0.099422 0.132587
1 0.167648 0.069406 0.084391 0.130047
1 0.031586 0.095221 0.060422 0.136270
32 0.099609 0.109452 0.010750 0.089953
62 0.081156 0.202459 0.071469 0.035221
1 0.755898 0.208159 0.101016 0.298695
1 0.606281 0.149394 0.080812 0.097389
37 0.927094 0.507669 0.047469 0.028392
1 0.702805 0.248741 0.120234 0.258974
