62 0.915523 0.775235 0.069078 0.309061
62 0.912008 0.627758 0.070234 0.143216
62 0.836641 0.605775 0.034937 0.109859
62 0.860930 0.614296 0.031516 0.120047
1 0.325336 0.414613 0.306641 0.824718
1 0.157414 0.569812 0.203891 0.333333
1 0.952039 0.805141 0.095922 0.389718
1 0.607289 0.620786 0.493609 0.633685
1 0.786070 0.518357 0.072391 0.123568
49 0.198156 0.880376 0.177844 0.054225
49 0.239797 0.692289 0.032313 0.043545
59 0.370211 0.894378 0.324578 0.188756
59 0.499641 0.769272 0.156406 0.073333
67 0.461453 0.841385 0.922906 0.317230
67 0.918547 0.574636 0.121875 0.035000
1 0.084516 0.878650 0.166031 0.130352
47 0.088922 0.753380 0.055188 0.160516
47 0.031414 0.776408 0.062828 0.168545
47 0.671938 0.873685 0.087656 0.252629
62 0.983367 0.591585 0.033266 0.054437
67 0.895773 0.747289 0.069766 0.124765
44 0.866445 0.963580 0.024891 0.071854
47 0.734320 0.950563 0.115078 0.098873
47 0.113836 0.687653 0.038984 0.118216
