16 0.508430 0.529063 0.071047 0.072459
16 0.519562 0.652717 0.072656 0.090773
16 0.920781 0.634040 0.075719 0.115621
16 0.747539 0.695703 0.080359 0.113981
16 0.786266 0.504133 0.034344 0.078899
16 0.966344 0.564461 0.066781 0.098806
16 0.047133 0.689485 0.068609 0.131101
16 0.404617 0.665597 0.060266 0.101077
16 0.604055 0.612904 0.043047 0.090304
16 0.686734 0.661686 0.081969 0.083607
16 0.962047 0.748513 0.044000 0.116651
16 0.955031 0.528419 0.064312 0.053466
1 0.241766 0.348384 0.291281 0.533349
1 0.322656 0.103279 0.117188 0.201405
1 0.434641 0.096581 0.069625 0.193162
1 0.602250 0.101019 0.073625 0.199602
77 0.217648 0.235902 0.027828 0.023841
15 0.240813 0.247471 0.143906 0.172084
15 0.171344 0.445667 0.196781 0.409930
1 0.533578 0.103501 0.063562 0.205785
1 0.486844 0.076030 0.039719 0.152061
1 0.391570 0.035211 0.021484 0.070422
1 0.346352 0.085234 0.102453 0.170468
16 0.206078 0.667763 0.048000 0.101756
84 0.246219 0.345890 0.055937 0.042319
1 0.111156 0.091136 0.034125 0.083396
1 0.061281 0.080492 0.038969 0.159859
1 0.352602 0.019157 0.013922 0.037143
