1 0.129414 0.709918 0.038234 0.098154
1 0.682344 0.454241 0.019594 0.028762
1 0.612898 0.488470 0.026828 0.019229
1 0.736680 0.452453 0.015266 0.037570
1 0.008180 0.661402 0.014922 0.021542
38 0.431008 0.095058 0.014953 0.037593
38 0.757266 0.084977 0.013844 0.026636
42 0.902047 0.639486 0.096156 0.014673
42 0.529086 0.641659 0.111453 0.034439
42 0.144258 0.744229 0.146828 0.025093
1 0.750109 0.307593 0.003812 0.006449
38 0.613578 0.202138 0.015875 0.029556
38 0.647047 0.204311 0.010469 0.007360
38 0.701477 0.165853 0.021422 0.022640
38 0.635008 0.184626 0.009391 0.011121
38 0.639344 0.161939 0.015063 0.039953
38 0.915531 0.164252 0.007687 0.006776
42 0.403484 0.625970 0.048094 0.008949
42 0.754086 0.473084 0.030234 0.010561
1 0.969625 0.356706 0.007844 0.011729
1 0.976641 0.431215 0.017219 0.036963
38 0.376211 0.199217 0.008484 0.022967
42 0.636883 0.364638 0.040203 0.011425
1 0.404406 0.607395 0.029500 0.034930
1 0.895430 0.619054 0.041203 0.048248
1 0.875578 0.280537 0.010063 0.017710
38 0.271031 0.154264 0.014031 0.024416
38 0.117203 0.197360 0.011000 0.021776
1 0.501125 0.605199 0.033000 0.051939
1 0.864211 0.272558 0.004484 0.022547
42 0.691094 0.458002 0.014156 0.017033
42 0.015313 0.673248 0.030625 0.009907
42 0.617461 0.490771 0.014172 0.017243
