1 0.419328 0.705612 0.346219 0.566282
1 0.582734 0.588753 0.210406 0.782024
1 0.721273 0.535165 0.127547 0.718094
47 0.121750 0.735682 0.065375 0.121482
47 0.192641 0.867412 0.068469 0.144565
81 0.248133 0.381353 0.080547 0.025435
49 0.284156 0.679365 0.016406 0.054682
49 0.983078 0.631694 0.009969 0.039341
50 0.831164 0.456282 0.016109 0.030918
50 0.937258 0.844024 0.019453 0.071012
50 0.229383 0.538388 0.010297 0.035318
50 0.232867 0.536729 0.006266 0.022071
79 0.916898 0.303694 0.166203 0.271294
44 0.236023 0.742718 0.032484 0.108729
44 0.883938 0.460024 0.017781 0.061741
47 0.348859 0.503200 0.035969 0.069129
57 0.282453 0.563306 0.024469 0.032729
79 0.726539 0.621576 0.118578 0.239388
47 0.333477 0.524929 0.015391 0.058753
47 0.317797 0.526553 0.021281 0.066847
51 0.982742 0.803471 0.034516 0.098659
51 0.302187 0.772953 0.076281 0.140965
51 0.287641 0.531341 0.042625 0.040000
51 0.304430 0.569271 0.019672 0.053459
1 0.376359 0.326071 0.217125 0.386918
51 0.868930 0.518459 0.035109 0.043035
51 0.949750 0.883082 0.065344 0.094071
