9 0.869578 0.641581 0.260844 0.352810
9 0.524648 0.779965 0.317922 0.230422
1 0.270484 0.449391 0.101344 0.220937
1 0.179914 0.552810 0.074953 0.377518
1 0.544797 0.617670 0.074625 0.250562
1 0.495117 0.373489 0.026547 0.089087
1 0.379688 0.387049 0.027437 0.078735
33 0.419000 0.687108 0.081250 0.098337
33 0.447000 0.580539 0.071281 0.105199
33 0.142125 0.639672 0.067875 0.167260
1 0.411273 0.366803 0.026516 0.054684
1 0.733664 0.342178 0.022453 0.050679
31 0.150742 0.490433 0.030016 0.123255
33 0.616211 0.681358 0.074953 0.105621
33 0.404687 0.547037 0.054531 0.076651
33 0.448234 0.504801 0.054375 0.069555
33 0.494484 0.536230 0.046906 0.038267
33 0.506281 0.580667 0.051344 0.054778
33 0.586250 0.538396 0.058469 0.072951
33 0.473102 0.696089 0.031703 0.070679
9 0.486477 0.500433 0.260672 0.174309
27 0.500445 0.493197 0.041953 0.043724
33 0.428906 0.637658 0.077969 0.085714
33 0.596313 0.612436 0.043344 0.074801
