1 0.699031 0.986250 0.020281 0.027500
1 0.433734 0.968573 0.007437 0.015896
1 0.943297 0.984438 0.016406 0.031125
38 0.596664 0.216083 0.132641 0.096958
38 0.477211 0.437542 0.035141 0.039292
1 0.836023 0.979250 0.010766 0.039792
1 0.319891 0.988333 0.026969 0.023333
38 0.102078 0.921438 0.025281 0.023583
38 0.229805 0.800781 0.008484 0.009813
1 0.378641 0.987938 0.019437 0.024125
1 0.399398 0.983146 0.014672 0.032917
1 0.637836 0.950812 0.004016 0.006750
1 0.576477 0.985031 0.013578 0.029937
1 0.709531 0.971844 0.007375 0.019188
1 0.556070 0.979823 0.014547 0.033688
38 0.196789 0.422531 0.032016 0.080354
38 0.289227 0.668042 0.191141 0.155375
38 0.906062 0.442167 0.012812 0.024292
38 0.638508 0.537365 0.046641 0.040188
38 0.827820 0.348427 0.038672 0.061104
38 0.861305 0.315604 0.038359 0.066250
38 0.083938 0.691167 0.021500 0.019417
38 0.560711 0.322177 0.036891 0.066854
1 0.238516 0.983656 0.011437 0.032146
1 0.147914 0.982177 0.014891 0.035646
38 0.901961 0.313958 0.010891 0.009125
