3 0.455984 0.866157 0.159844 0.174276
3 0.294680 0.776308 0.048359 0.070000
3 0.374109 0.728586 0.034500 0.031379
6 0.180188 0.719159 0.161000 0.353178
1 0.103945 0.850678 0.044953 0.150234
1 0.450070 0.757921 0.010547 0.041729
1 0.422313 0.760432 0.015594 0.039229
85 0.589273 0.266717 0.033422 0.049042
1 0.431297 0.743750 0.011031 0.025210
1 0.520875 0.758995 0.015094 0.053551
1 0.508195 0.771600 0.014516 0.039603
3 0.396227 0.657687 0.009016 0.012477
3 0.401938 0.654965 0.005500 0.007967
3 0.338258 0.745561 0.032828 0.038738
3 0.359969 0.711893 0.021156 0.021402
