1 0.226508 0.447646 0.265109 0.644292
1 0.342695 0.329427 0.185922 0.399896
1 0.753367 0.644938 0.266297 0.561792
63 0.178070 0.521344 0.352766 0.624729
46 0.487477 0.555073 0.045047 0.146812
46 0.654508 0.489802 0.047203 0.141313
46 0.336586 0.424938 0.039859 0.128625
46 0.431195 0.356302 0.034016 0.110937
47 0.548398 0.526302 0.034797 0.063771
84 0.914055 0.303260 0.004359 0.034854
84 0.902164 0.053885 0.009109 0.057979
84 0.942492 0.057313 0.114953 0.068792
84 0.922375 0.442625 0.011562 0.032958
84 0.964617 0.207344 0.007047 0.054854
84 0.919672 0.202542 0.013219 0.054417
84 0.949133 0.397875 0.006422 0.032125
84 0.895469 0.346479 0.007625 0.033917
86 0.594703 0.441094 0.045281 0.104188
67 0.491289 0.638198 0.369109 0.417979
84 0.904945 0.255281 0.007984 0.033688
84 0.967672 0.263490 0.006250 0.034188
