44 0.189836 0.792494 0.046922 0.137035
1 0.471500 0.600082 0.010750 0.060024
41 0.501961 0.443612 0.176547 0.122706
1 0.185484 0.598400 0.009844 0.050024
1 0.458797 0.605165 0.009687 0.045247
1 0.969594 0.518671 0.041250 0.168965
1 0.632461 0.591329 0.019953 0.060071
1 0.339922 0.588859 0.006344 0.023600
1 0.937453 0.534376 0.010344 0.050776
1 0.198156 0.583082 0.013000 0.078024
1 0.239352 0.600612 0.020141 0.054494
1 0.427562 0.608071 0.012000 0.040753
1 0.107508 0.577553 0.014953 0.083247
1 0.305039 0.600306 0.013797 0.032141
1 0.444586 0.227447 0.304266 0.323365
