16 0.441641 0.124727 0.011125 0.008641
16 0.586891 0.175844 0.015281 0.009187
16 0.511289 0.262961 0.011391 0.012422
20 0.521570 0.760516 0.067359 0.103937
20 0.565063 0.749977 0.042562 0.096484
20 0.452055 0.755891 0.061109 0.108750
20 0.724633 0.610383 0.108984 0.055609
16 0.347938 0.168219 0.015500 0.017156
16 0.358453 0.095039 0.007594 0.010016
16 0.443313 0.381406 0.009687 0.005219
16 0.346945 0.117273 0.008328 0.010016
16 0.514695 0.352461 0.010172 0.004516
16 0.496586 0.157625 0.007297 0.006313
16 0.558937 0.169203 0.014281 0.010750
20 0.405055 0.758141 0.054453 0.110406
16 0.306320 0.381242 0.010672 0.011078
16 0.297016 0.362805 0.009813 0.005734
20 0.457922 0.762148 0.070062 0.116578
