4 0.529945 0.455153 0.886984 0.834070
4 0.173602 0.374004 0.134609 0.359300
1 0.536625 0.166379 0.112344 0.332757
1 0.225039 0.265328 0.157359 0.196302
1 0.261984 0.168753 0.058656 0.112691
1 0.716195 0.261849 0.093578 0.302560
1 0.963742 0.356182 0.072516 0.649431
1 0.319109 0.208895 0.072063 0.191050
1 0.065789 0.372341 0.128359 0.678643
1 0.167281 0.258107 0.080125 0.151488
1 0.096055 0.223184 0.042672 0.073063
1 0.839227 0.320219 0.186141 0.631466
4 0.944594 0.406663 0.067687 0.202429
4 0.070867 0.503720 0.097984 0.172779
1 0.057984 0.181488 0.039406 0.164858
1 0.143031 0.263326 0.032563 0.103895
1 0.440336 0.191160 0.056859 0.138906
