85 0.546781 0.147412 0.027813 0.035294
3 0.355617 0.806906 0.270297 0.153859
3 0.696961 0.747271 0.091266 0.078965
3 0.820063 0.751247 0.056469 0.058447
3 0.940297 0.756776 0.057719 0.057082
3 0.288125 0.767753 0.128750 0.076824
3 0.223586 0.774824 0.126703 0.093224
3 0.984180 0.760694 0.030828 0.056212
1 0.583406 0.745729 0.007750 0.021153
1 0.570609 0.757259 0.007625 0.034282
1 0.531602 0.760106 0.012609 0.042706
1 0.542508 0.756988 0.007172 0.042682
1 0.623133 0.756953 0.007891 0.036776
1 0.513352 0.759788 0.011453 0.041600
1 0.561734 0.756812 0.012500 0.038000
1 0.548953 0.757835 0.005500 0.044188
1 0.602633 0.750953 0.008016 0.032635
3 0.080969 0.784612 0.161938 0.189506
10 0.064250 0.584588 0.031781 0.021506
10 0.732031 0.638118 0.008000 0.014165
1 0.612594 0.758859 0.008625 0.044494
1 0.501070 0.758541 0.010984 0.053271
1 0.576969 0.754000 0.005906 0.031859
1 0.643930 0.757835 0.006266 0.037694
