9 0.201359 0.727479 0.402719 0.409917
9 0.591953 0.508310 0.139437 0.204488
9 0.171703 0.926953 0.301781 0.146094
9 0.108336 0.316440 0.215891 0.101247
9 0.371719 0.277050 0.206969 0.059141
9 0.562164 0.641579 0.391672 0.226981
1 0.327766 0.495499 0.079063 0.178920
1 0.657227 0.671537 0.100141 0.251662
1 0.925789 0.592784 0.146672 0.809834
1 0.550008 0.208269 0.025578 0.109889
1 0.519430 0.192382 0.037922 0.049252
1 0.756680 0.148837 0.018172 0.066981
1 0.659984 0.194363 0.015313 0.077922
1 0.432336 0.069945 0.026797 0.077784
28 0.402328 0.120332 0.097219 0.055956
28 0.365695 0.206274 0.085547 0.146066
28 0.683109 0.133006 0.081406 0.041579
15 0.081750 0.078657 0.153375 0.094377
15 0.256422 0.109141 0.091531 0.042438
15 0.244000 0.077341 0.049812 0.014072
52 0.235039 0.588532 0.009828 0.010305
52 0.190195 0.619030 0.019797 0.031745
1 0.511313 0.540970 0.057031 0.173850
1 0.770859 0.392258 0.061156 0.109058
1 0.891805 0.422839 0.044453 0.100416
9 0.555172 0.239861 0.134656 0.072078
9 0.789117 0.400194 0.146297 0.136066
9 0.670742 0.237147 0.098391 0.041607
9 0.847469 0.205914 0.078344 0.044017
28 0.021305 0.104017 0.041078 0.070305
52 0.124227 0.703102 0.036953 0.050139
52 0.138391 0.669654 0.024063 0.039307
52 0.223219 0.698324 0.007812 0.016260
9 0.953422 0.199335 0.049156 0.040000
52 0.209164 0.695928 0.025797 0.049141
52 0.192281 0.673255 0.020000 0.036704
52 0.238414 0.678172 0.026266 0.045152
52 0.222758 0.676967 0.010391 0.032715
52 0.197328 0.657188 0.021781 0.026898
52 0.196922 0.644197 0.011406 0.015042
53 0.850156 0.605582 0.053812 0.044072
1 0.361742 0.256357 0.028266 0.050111
1 0.961039 0.091482 0.023703 0.065679
9 0.938688 0.205249 0.030562 0.040803
53 0.833742 0.458324 0.021703 0.037812
28 0.563937 0.114072 0.076844 0.057895
28 0.615187 0.125222 0.043875 0.033712
51 0.709477 0.744003 0.058172 0.048338
