7 0.273914 0.455719 0.544328 0.191722
7 0.766492 0.538208 0.467016 0.164057
3 0.773625 0.919953 0.117000 0.074009
3 0.318508 0.788809 0.019828 0.022712
3 0.303578 0.804210 0.022469 0.026486
3 0.277945 0.782040 0.012078 0.019363
3 0.270805 0.813679 0.028297 0.025708
3 0.323898 0.770483 0.021141 0.014835
3 0.301000 0.770684 0.011125 0.019198
3 0.275938 0.794929 0.016313 0.016745
3 0.266328 0.786592 0.012812 0.018042
3 0.300641 0.793962 0.018313 0.013491
3 0.294344 0.771179 0.006219 0.015708
3 0.273477 0.769764 0.012609 0.015377
8 0.324523 0.769458 0.025766 0.021604
3 0.990617 0.839186 0.018766 0.045401
