62 0.682570 0.735340 0.189266 0.401995
84 0.412641 0.405176 0.005469 0.074014
84 0.374664 0.417488 0.027734 0.054836
84 0.375469 0.326432 0.004938 0.054413
84 0.369961 0.327629 0.006328 0.052582
84 0.404617 0.491913 0.027078 0.073638
84 0.422063 0.407864 0.014750 0.064742
84 0.386266 0.401209 0.030187 0.077723
86 0.220156 0.403075 0.019656 0.054413
27 0.887594 0.877735 0.110375 0.212606
72 0.298719 0.480282 0.080344 0.100986
84 0.405375 0.403967 0.013031 0.076948
84 0.391641 0.505305 0.006094 0.058920
84 0.405852 0.579319 0.020453 0.060939
84 0.344523 0.313545 0.007453 0.031362
64 0.215563 0.343275 0.049500 0.174906
84 0.391445 0.339871 0.016734 0.030258
84 0.351180 0.412864 0.021328 0.069108
