16 0.522273 0.818279 0.177922 0.341944
16 0.515039 0.556335 0.136078 0.380585
16 0.647727 0.616089 0.185891 0.637143
16 0.104453 0.826909 0.208906 0.198876
16 0.228359 0.588197 0.052969 0.371241
16 0.777664 0.746230 0.094703 0.223653
16 0.359422 0.839789 0.251094 0.294614
16 0.407055 0.607763 0.118172 0.103443
16 0.659406 0.537307 0.054281 0.301920
16 0.862289 0.853770 0.275422 0.270960
16 0.913352 0.729883 0.116172 0.093911
16 0.030172 0.563700 0.059000 0.126932
16 0.703859 0.699075 0.095531 0.208923
