44 0.495125 0.647990 0.062437 0.084687
44 0.528023 0.628854 0.022328 0.085958
2 0.487172 0.682552 0.353688 0.410604
2 0.920742 0.543417 0.158516 0.280792
2 0.761141 0.600990 0.194594 0.385354
2 0.185992 0.502094 0.233203 0.236063
2 0.429023 0.383833 0.148891 0.117500
2 0.236766 0.374365 0.048969 0.114646
1 0.864336 0.315688 0.020391 0.097583
15 0.613930 0.346271 0.033766 0.061167
88 0.621820 0.445542 0.063109 0.077042
2 0.027336 0.376708 0.054672 0.117000
44 0.755273 0.579865 0.032578 0.058312
44 0.728781 0.567750 0.027469 0.067708
44 0.229094 0.507656 0.019656 0.045812
44 0.206875 0.494583 0.031594 0.043583
44 0.432117 0.372760 0.014859 0.023188
44 0.418500 0.367677 0.013281 0.028979
2 0.337898 0.546219 0.168922 0.322313
2 0.813594 0.499635 0.129594 0.229729
2 0.188242 0.368812 0.060078 0.081250
27 0.129078 0.507521 0.065844 0.106750
27 0.125914 0.402063 0.038234 0.058333
27 0.378867 0.351521 0.048547 0.083333
27 0.278273 0.380042 0.052203 0.033750
27 0.828375 0.498885 0.082906 0.121271
27 0.651398 0.434417 0.116484 0.064042
27 0.604461 0.514698 0.106891 0.104438
27 0.641711 0.590302 0.093422 0.164854
27 0.481148 0.370448 0.024047 0.049979
27 0.473000 0.320854 0.021531 0.030833
27 0.069805 0.464833 0.048047 0.099458
27 0.260477 0.584250 0.058828 0.107833
27 0.050523 0.346469 0.025984 0.025979
