1 0.734390 0.886213 0.037740 0.142613
1 0.568930 0.905933 0.030740 0.145413
1 0.499860 0.906200 0.033320 0.145307
1 0.469860 0.909187 0.032560 0.139653
1 0.427080 0.909533 0.039200 0.143280
38 0.261590 0.099307 0.074740 0.047147
38 0.866390 0.544880 0.039340 0.092267
38 0.812220 0.361413 0.046600 0.077867
38 0.711890 0.192093 0.055020 0.074427
38 0.590820 0.073493 0.060240 0.072907
38 0.151890 0.191267 0.053180 0.078960
38 0.050740 0.449960 0.040120 0.091013
1 0.284600 0.901253 0.017840 0.030667
1 0.621300 0.898453 0.030080 0.149653
1 0.664420 0.892293 0.034840 0.147787
1 0.592070 0.863813 0.021900 0.064907
1 0.530070 0.855253 0.021980 0.047200
1 0.360020 0.800240 0.010640 0.031787
1 0.935060 0.848040 0.019480 0.038960
1 0.133180 0.912160 0.020800 0.034987
