3 0.091312 0.441932 0.136187 0.156184
3 0.902039 0.575266 0.195922 0.290338
6 0.076320 0.331461 0.149734 0.258430
1 0.831953 0.371630 0.015688 0.042923
1 0.871586 0.401377 0.015578 0.081208
1 0.766375 0.396860 0.023875 0.095652
1 0.745227 0.397452 0.017141 0.091667
1 0.967523 0.385362 0.021766 0.091111
1 0.945578 0.392029 0.047938 0.092319
1 0.833703 0.416039 0.010719 0.050097
8 0.506141 0.496039 0.778375 0.642560
10 0.596133 0.233816 0.026766 0.072947
10 0.620289 0.253140 0.015922 0.053768
10 0.774266 0.230894 0.018656 0.075894
10 0.054742 0.271280 0.034016 0.079227
1 0.855312 0.399432 0.026188 0.084179
1 0.225687 0.438019 0.016625 0.020918
1 0.822953 0.399541 0.014063 0.092995
1 0.843609 0.405036 0.009875 0.093551
10 0.167094 0.275447 0.036469 0.076401
1 0.167063 0.384541 0.022219 0.052850
4 0.126914 0.483659 0.041984 0.109106
10 0.421148 0.238659 0.018266 0.031763
1 0.984305 0.395966 0.016234 0.043285
