72 0.105242 0.344237 0.065609 0.063638
72 0.223094 0.359319 0.065812 0.071362
72 0.344383 0.375317 0.051953 0.058099
72 0.421102 0.386268 0.046859 0.053568
1 0.194461 0.702430 0.106172 0.510493
1 0.559422 0.695505 0.098719 0.420211
1 0.817453 0.633709 0.076281 0.377512
1 0.417414 0.566045 0.036516 0.152934
1 0.092250 0.601338 0.095625 0.203850
1 0.693523 0.561315 0.065578 0.178263
1 0.630125 0.541913 0.050156 0.130070
1 0.750258 0.575153 0.043672 0.136502
27 0.121109 0.720106 0.057000 0.109601
31 0.223531 0.655575 0.100562 0.216925
31 0.722484 0.707735 0.047406 0.105188
31 0.753898 0.612969 0.033203 0.079319
31 0.454445 0.587840 0.038297 0.095258
31 0.854812 0.603744 0.025188 0.071009
33 0.420336 0.712523 0.052672 0.126878
33 0.635906 0.743099 0.070750 0.123286
33 0.529992 0.768662 0.071047 0.189765
1 0.593422 0.586467 0.071156 0.177723
1 0.145891 0.706056 0.073406 0.466526
1 0.481687 0.640176 0.065125 0.280211
27 0.344258 0.649225 0.064484 0.166009
31 0.759820 0.702171 0.047797 0.096268
31 0.510195 0.590106 0.018953 0.069038
33 0.848062 0.739824 0.028781 0.105845
33 0.367250 0.759507 0.063813 0.073662
33 0.075609 0.765822 0.051094 0.251502
33 0.631359 0.649155 0.021719 0.059296
33 0.448688 0.699460 0.018875 0.114366
72 0.902352 0.480376 0.038297 0.037042
31 0.122781 0.726092 0.060344 0.116925
31 0.122984 0.624601 0.015719 0.089437
72 0.787305 0.479965 0.023484 0.037488
72 0.982937 0.480469 0.034125 0.035728
72 0.865648 0.480153 0.036734 0.032887
84 0.594812 0.671702 0.032094 0.040822
88 0.319680 0.812007 0.015672 0.060164
1 0.037203 0.764331 0.074406 0.471338
33 0.939977 0.576056 0.026859 0.062019
1 0.284406 0.678509 0.089844 0.378239
33 0.142156 0.811420 0.060437 0.190493
