64 0.713219 0.285406 0.079312 0.076411
62 0.887930 0.602144 0.156297 0.275260
63 0.913961 0.818883 0.172078 0.362235
63 0.381742 0.583262 0.172297 0.278984
63 0.064750 0.819357 0.126531 0.339797
86 0.412633 0.437788 0.025016 0.045824
62 0.379352 0.586874 0.177578 0.279752
62 0.063000 0.819097 0.126000 0.339323
84 0.506664 0.109876 0.007172 0.040293
84 0.501430 0.168770 0.005828 0.041422
84 0.714172 0.750790 0.085031 0.063928
84 0.484453 0.286388 0.003969 0.030203
84 0.500898 0.397765 0.010297 0.045372
84 0.942758 0.373273 0.010672 0.056840
84 0.942562 0.295734 0.008156 0.058104
84 0.927898 0.219187 0.008672 0.051287
84 0.934039 0.142980 0.007953 0.057065
84 0.934859 0.067043 0.009531 0.052777
84 0.951281 0.296445 0.011062 0.059391
84 0.543750 0.404233 0.005437 0.044357
64 0.649898 0.688330 0.172047 0.255305
64 0.407789 0.400756 0.076641 0.118262
86 0.635109 0.764650 0.048688 0.097652
86 0.700320 0.312009 0.019266 0.025643
86 0.722797 0.314910 0.016406 0.019481
84 0.500656 0.342878 0.103000 0.043905
