44 0.893815 0.218799 0.176258 0.433448
44 0.820931 0.195261 0.136863 0.385131
77 0.311324 0.025025 0.108529 0.048971
46 0.680899 0.314755 0.179771 0.561797
47 0.093848 0.279730 0.187696 0.186487
48 0.915776 0.645572 0.168448 0.269052
51 0.482100 0.656814 0.454134 0.387026
51 0.094502 0.281242 0.186879 0.187974
50 0.071193 0.525425 0.140458 0.023301
67 0.497761 0.640359 0.995523 0.695065
1 0.302729 0.106577 0.596373 0.213154
44 0.541225 0.355449 0.147484 0.185441
50 0.036422 0.366609 0.072843 0.045212
50 0.738178 0.849101 0.186552 0.209804
