21 0.508672 0.556979 0.059125 0.088618
21 0.584656 0.544508 0.059625 0.109532
21 0.686578 0.535176 0.035344 0.078126
21 0.131828 0.483958 0.098031 0.103044
21 0.248773 0.475515 0.035891 0.083349
21 0.306414 0.485410 0.028016 0.083981
21 0.462625 0.496686 0.081906 0.089204
21 0.510563 0.506218 0.023594 0.030468
21 0.586766 0.492658 0.028313 0.019602
21 0.625875 0.539918 0.044625 0.077963
21 0.187391 0.483372 0.051781 0.070398
21 0.292297 0.596440 0.068094 0.139578
21 0.533461 0.498806 0.026422 0.068197
