44 0.087633 0.863452 0.105266 0.273096
62 0.755203 0.714874 0.148000 0.183682
1 0.243914 0.541674 0.487828 0.630628
1 0.735812 0.573033 0.528375 0.817992
1 0.630203 0.631015 0.195500 0.491025
1 0.197844 0.257908 0.280375 0.515816
58 0.627211 0.936056 0.101172 0.069770
1 0.679289 0.424613 0.069359 0.209184
44 0.926773 0.320042 0.010703 0.037782
47 0.459906 0.585481 0.067312 0.183849
47 0.521312 0.519561 0.068375 0.039916
47 0.249242 0.882029 0.095672 0.208996
47 0.485875 0.899477 0.089656 0.201046
59 0.566937 0.841151 0.086938 0.066527
62 0.568648 0.745973 0.126797 0.181987
67 0.398391 0.906621 0.531000 0.186757
1 0.460305 0.378567 0.081516 0.237385
67 0.695781 0.598023 0.101813 0.041820
54 0.628703 0.934634 0.100844 0.068891
54 0.657609 0.954027 0.101937 0.087050
58 0.661828 0.954519 0.112781 0.090377
