54 0.531686 0.822359 0.343294 0.109625
54 0.732797 0.756773 0.357407 0.122141
54 0.814288 0.663453 0.191150 0.081969
86 0.180507 0.656016 0.136296 0.181375
54 0.784903 0.828344 0.188363 0.126562
61 0.652719 0.217031 0.103723 0.078250
61 0.464532 0.226977 0.095380 0.065922
61 0.562544 0.226094 0.102125 0.072625
61 0.616189 0.147078 0.096355 0.055563
61 0.376374 0.209852 0.106238 0.072797
61 0.365263 0.175828 0.098947 0.061656
61 0.476862 0.148164 0.064756 0.066672
61 0.324269 0.382070 0.101520 0.073078
61 0.736598 0.348648 0.096784 0.098453
61 0.600682 0.406789 0.105146 0.073328
61 0.512563 0.401461 0.099435 0.052078
61 0.410575 0.405820 0.091287 0.073172
67 0.380390 0.776609 0.760780 0.446781
67 0.460136 0.267531 0.913801 0.529875
51 0.125984 0.300195 0.251969 0.139172
61 0.630517 0.193648 0.097797 0.048453
54 0.924844 0.755898 0.150312 0.084547
54 0.728977 0.671844 0.191092 0.097781
