1 0.907805 0.473466 0.044234 0.156975
1 0.845117 0.479905 0.042141 0.159937
1 0.782570 0.492248 0.042766 0.141891
1 0.732266 0.493256 0.042094 0.160168
1 0.435961 0.449128 0.031484 0.121996
1 0.391937 0.448971 0.050844 0.127017
1 0.265773 0.439055 0.032078 0.070420
1 0.271937 0.532447 0.029906 0.138172
1 0.234953 0.553109 0.047438 0.145252
1 0.191289 0.551523 0.042141 0.152206
1 0.376859 0.545200 0.034250 0.144685
42 0.427148 0.440536 0.056547 0.038634
42 0.277969 0.462258 0.049750 0.075903
42 0.395883 0.535683 0.069234 0.047962
42 0.186031 0.542563 0.070469 0.087185
42 0.750852 0.486544 0.033641 0.062290
42 0.802906 0.479181 0.046906 0.056597
42 0.919828 0.465924 0.021250 0.097605
42 0.268383 0.526891 0.105766 0.074706
1 0.200437 0.484233 0.038875 0.060567
42 0.340781 0.467500 0.057094 0.046723
1 0.336945 0.482521 0.031609 0.117521
42 0.857734 0.464863 0.013750 0.092206
