28 0.551313 0.228080 0.525094 0.451688
1 0.397992 0.569219 0.381609 0.861561
1 0.188484 0.556181 0.232187 0.851688
1 0.598227 0.597194 0.199828 0.805612
1 0.679930 0.662595 0.112328 0.518270
1 0.824031 0.440316 0.126781 0.822068
1 0.976539 0.350549 0.044109 0.417975
1 0.759125 0.389008 0.080875 0.740886
1 0.915602 0.323270 0.056078 0.267384
1 0.286469 0.378249 0.080344 0.633713
1 0.712727 0.474430 0.043516 0.190211
31 0.935086 0.628186 0.129828 0.412996
1 0.232219 0.297511 0.077719 0.358650
1 0.093648 0.217511 0.054734 0.175190
31 0.920000 0.429662 0.063687 0.184726
