44 0.899492 0.343763 0.078828 0.582216
85 0.813742 0.466662 0.102922 0.161624
84 0.568789 0.586521 0.311984 0.157320
84 0.567445 0.480387 0.312984 0.109485
84 0.549641 0.380322 0.328156 0.130490
84 0.547664 0.185825 0.321516 0.116856
84 0.555164 0.092887 0.309266 0.065155
84 0.351859 0.768879 0.685719 0.391933
84 0.559250 0.280902 0.331062 0.089897
84 0.099406 0.501740 0.198813 0.123067
84 0.082164 0.600064 0.164328 0.082861
84 0.816422 0.073995 0.196406 0.053557
1 0.096273 0.288106 0.171891 0.310593
77 0.835359 0.753235 0.262969 0.270129
84 0.794578 0.124394 0.150781 0.045232
84 0.763484 0.396314 0.045812 0.433557
