50 0.530266 0.730979 0.587688 0.538042
51 0.439594 0.490146 0.765094 0.957500
52 0.404547 0.718760 0.110625 0.166896
53 0.243852 0.536885 0.182547 0.135229
53 0.211750 0.362740 0.077344 0.152771
53 0.628953 0.328406 0.092531 0.113104
53 0.577844 0.123438 0.154375 0.121417
53 0.648609 0.635625 0.113844 0.133792
53 0.412109 0.720062 0.121094 0.166667
53 0.316023 0.363292 0.324922 0.488000
53 0.490367 0.765844 0.142516 0.142271
53 0.472258 0.624833 0.150734 0.101708
53 0.572945 0.271802 0.028641 0.095479
53 0.275039 0.628698 0.090359 0.062979
