52 0.417797 0.574721 0.293281 0.689898
52 0.459992 0.595508 0.283609 0.489898
52 0.684883 0.469378 0.342859 0.426218
52 0.774141 0.340635 0.213375 0.318985
52 0.890125 0.644949 0.219750 0.710102
52 0.788555 0.803008 0.301578 0.370787
52 0.346742 0.644251 0.410891 0.683832
52 0.534008 0.303921 0.376297 0.404492
52 0.919742 0.272728 0.160516 0.363629
52 0.557047 0.141066 0.229344 0.210964
52 0.107937 0.658439 0.215875 0.657132
52 0.491156 0.145799 0.199000 0.291599
52 0.240656 0.214277 0.158312 0.423376
