39 0.748864 0.256234 0.070202 0.147094
1 0.643750 0.594461 0.555530 0.663422
1 0.301136 0.268352 0.117475 0.069734
1 0.177929 0.264477 0.099091 0.061953
1 0.893497 0.268977 0.107652 0.081547
1 0.965303 0.255789 0.048030 0.033797
1 0.929444 0.296766 0.141111 0.084969
1 0.488586 0.233633 0.118737 0.073484
1 0.721768 0.265156 0.090657 0.085844
1 0.362904 0.272961 0.127020 0.064734
1 0.253851 0.260219 0.102854 0.078656
1 0.643422 0.250148 0.079773 0.056484
1 0.385808 0.228539 0.066465 0.046953
1 0.374571 0.137055 0.159040 0.083484
