1 0.598187 0.467002 0.150812 0.231758
1 0.255133 0.330964 0.054672 0.191419
1 0.939633 0.422956 0.040547 0.196631
1 0.908359 0.412320 0.050781 0.204725
1 0.180469 0.341653 0.088906 0.157373
1 0.294031 0.306653 0.051094 0.172881
1 0.321297 0.385572 0.072844 0.118771
35 0.595969 0.581462 0.159094 0.011653
1 0.061008 0.347172 0.074891 0.140996
1 0.137352 0.349873 0.067016 0.244746
1 0.044023 0.271388 0.048172 0.081081
1 0.378594 0.317013 0.073969 0.121822
1 0.200477 0.288104 0.048984 0.055106
1 0.086945 0.347913 0.050359 0.227521
