28 0.581560 0.245678 0.363938 0.292990
3 0.708766 0.318292 0.236193 0.114232
1 0.410114 0.584265 0.339314 0.750556
1 0.120221 0.278652 0.024722 0.085408
1 0.248096 0.282296 0.027761 0.071748
27 0.607435 0.507410 0.100359 0.227598
31 0.230343 0.671904 0.379771 0.489886
1 0.807337 0.279322 0.032516 0.065833
1 0.161340 0.277966 0.024608 0.069526
31 0.816511 0.285335 0.008611 0.033742
1 0.498701 0.580523 0.181814 0.729869
1 0.095931 0.274649 0.019216 0.064755
3 0.918186 0.303897 0.085719 0.181814
3 0.291846 0.306070 0.025261 0.085408
8 0.922508 0.301430 0.091814 0.167761
