62 0.033320 0.559000 0.066641 0.227667
3 0.153867 0.347417 0.304359 0.251125
3 0.950992 0.342979 0.098016 0.161708
3 0.012281 0.280927 0.024219 0.109563
1 0.374211 0.269031 0.159234 0.267188
1 0.395820 0.217135 0.021078 0.039188
1 0.633648 0.210542 0.043078 0.061958
1 0.662523 0.224969 0.027297 0.037771
1 0.439336 0.287156 0.079266 0.213771
1 0.880062 0.326583 0.060813 0.159917
8 0.506461 0.522104 0.898328 0.671917
1 0.461578 0.271948 0.090688 0.221021
1 0.911117 0.273750 0.031984 0.082208
1 0.932633 0.258667 0.023953 0.040042
1 0.041664 0.451146 0.083328 0.228792
1 0.956930 0.354729 0.052359 0.272542
1 0.044383 0.248958 0.088766 0.169500
1 0.702055 0.229510 0.028297 0.034729
