32 0.578281 0.678281 0.383521 0.152812
1 0.501865 0.498875 0.985771 0.930344
84 0.942448 0.531766 0.013187 0.031875
84 0.123708 0.461727 0.054708 0.188984
84 0.957302 0.281047 0.068896 0.053938
84 0.139052 0.631266 0.036437 0.103531
84 0.110854 0.074156 0.065917 0.148313
84 0.975708 0.343266 0.019875 0.048875
84 0.072479 0.644258 0.021000 0.137484
84 0.961365 0.407781 0.012229 0.047469
84 0.952979 0.475836 0.011125 0.040422
84 0.942813 0.595234 0.019542 0.033594
84 0.084229 0.463781 0.035458 0.179812
84 0.035135 0.471914 0.030437 0.160422
