88 0.730722 0.623102 0.166339 0.105453
88 0.726621 0.794383 0.105293 0.123609
88 0.614257 0.568930 0.177176 0.093047
88 0.344927 0.561461 0.153117 0.128234
88 0.445774 0.341117 0.125858 0.139078
62 0.452531 0.896133 0.316653 0.207734
88 0.356119 0.476672 0.152950 0.099969
49 0.102835 0.852609 0.080816 0.042625
67 0.173881 0.881812 0.333870 0.220781
88 0.618881 0.248117 0.212782 0.203578
88 0.282228 0.505625 0.124163 0.118156
88 0.556025 0.400289 0.154059 0.110359
88 0.643923 0.425812 0.152824 0.095469
88 0.598138 0.675188 0.099623 0.119406
88 0.433996 0.742563 0.142008 0.139094
88 0.426454 0.618195 0.160774 0.139484
