39 0.525289 0.342799 0.108891 0.037073
40 0.391820 0.357400 0.049828 0.082810
1 0.088711 0.467834 0.176328 0.935667
1 0.288844 0.406393 0.174187 0.304965
1 0.585555 0.371183 0.156984 0.416464
1 0.513336 0.341171 0.103609 0.268244
1 0.476930 0.133384 0.138141 0.232717
1 0.288008 0.238642 0.160891 0.261499
1 0.965367 0.095574 0.069266 0.153162
1 0.198117 0.134520 0.068266 0.238735
1 0.362492 0.138513 0.107484 0.252248
1 0.739211 0.184660 0.043734 0.225948
1 0.713328 0.199649 0.031719 0.200000
1 0.630852 0.272201 0.043297 0.251101
15 0.778883 0.433700 0.286359 0.089883
37 0.716445 0.309649 0.020516 0.024075
1 0.917867 0.213630 0.040328 0.142389
15 0.294375 0.410035 0.271563 0.022600
