48 0.811500 0.635117 0.140625 0.550704
50 0.911234 0.659366 0.177469 0.459624
57 0.601414 0.481174 0.128422 0.200000
57 0.571992 0.502453 0.096297 0.123545
57 0.038180 0.105939 0.076359 0.093709
84 0.141352 0.694378 0.279703 0.539319
46 0.875203 0.163920 0.171125 0.320751
46 0.677398 0.152124 0.161703 0.292465
49 0.081766 0.316021 0.163531 0.030822
67 0.499594 0.494378 0.999188 0.988756
46 0.294453 0.170974 0.159688 0.306737
46 0.503969 0.146761 0.153875 0.288310
46 0.260844 0.058028 0.123500 0.116056
46 0.380344 0.083310 0.135563 0.166620
46 0.196070 0.019754 0.110609 0.039507
49 0.921266 0.573181 0.157469 0.404953
