17 0.501620 0.293547 0.996761 0.587094
62 0.424155 0.498922 0.835352 0.982750
15 0.450763 0.690492 0.770775 0.593141
84 0.370012 0.056109 0.041056 0.112219
84 0.408275 0.057297 0.038897 0.111969
84 0.445739 0.055414 0.039648 0.110266
84 0.493756 0.053930 0.025211 0.103891
84 0.470692 0.056359 0.025376 0.107906
84 0.901315 0.561773 0.094413 0.124203
84 0.812500 0.564773 0.100822 0.122328
84 0.785986 0.562734 0.102770 0.121969
84 0.730634 0.560234 0.133803 0.135531
84 0.304859 0.056586 0.044836 0.106547
84 0.492911 0.504492 0.067512 0.060672
84 0.514812 0.047461 0.020563 0.094922
84 0.533779 0.046180 0.031972 0.089203
