28 0.339492 0.369812 0.290984 0.271906
1 0.369984 0.630471 0.169344 0.727953
1 0.647195 0.427165 0.038078 0.171035
1 0.100484 0.426953 0.039000 0.109059
1 0.122570 0.431094 0.016391 0.092071
1 0.611898 0.428882 0.044516 0.176447
1 0.768000 0.432459 0.023375 0.065859
1 0.528852 0.435659 0.016953 0.078376
1 0.593086 0.432647 0.014328 0.069247
1 0.574406 0.432459 0.030344 0.115318
1 0.544328 0.429541 0.009469 0.046612
31 0.601469 0.429059 0.007719 0.033365
1 0.512320 0.435129 0.016234 0.072894
1 0.051016 0.437141 0.031250 0.094800
1 0.725266 0.435376 0.011562 0.059600
