67 0.600469 0.659555 0.694187 0.411241
1 0.535383 0.394789 0.166016 0.287190
1 0.787680 0.484215 0.151016 0.329696
1 0.925102 0.588232 0.149797 0.541054
1 0.239562 0.659052 0.479125 0.681897
1 0.272336 0.521452 0.218203 0.557986
1 0.742484 0.797412 0.186750 0.376979
47 0.479711 0.577319 0.044766 0.117447
47 0.323117 0.647693 0.069078 0.108501
48 0.309945 0.783244 0.039766 0.078759
48 0.832836 0.680094 0.041859 0.053724
44 0.589789 0.566358 0.049297 0.143536
47 0.713281 0.594239 0.044281 0.073911
47 0.537367 0.619274 0.015766 0.046417
54 0.399898 0.748899 0.084203 0.077283
47 0.517680 0.622822 0.017672 0.052014
