78 0.444125 0.369180 0.330542 0.147922
79 0.443438 0.708984 0.365542 0.424719
49 0.909062 0.554930 0.008958 0.018016
49 0.897490 0.554375 0.011396 0.020250
49 0.921687 0.554617 0.012083 0.019328
49 0.932562 0.553109 0.012083 0.016719
49 0.933510 0.520164 0.018146 0.025078
49 0.895333 0.520187 0.010875 0.024469
49 0.904240 0.507047 0.010479 0.019094
50 0.191125 0.535672 0.078917 0.079187
81 0.928000 0.624703 0.143167 0.044625
49 0.922271 0.516773 0.019417 0.046703
64 0.964354 0.471281 0.064958 0.043312
85 0.476448 0.520062 0.082646 0.026562
50 0.174365 0.497203 0.024187 0.029437
