1 0.955688 0.452708 0.049812 0.076125
1 0.815719 0.037052 0.014781 0.037271
1 0.877531 0.570771 0.072469 0.106625
1 0.840930 0.568583 0.048859 0.104792
58 0.776469 0.657646 0.232938 0.181167
1 0.882023 0.489958 0.039047 0.071125
1 0.917750 0.491896 0.046062 0.086500
1 0.974742 0.608781 0.050516 0.093104
1 0.983664 0.414219 0.032672 0.063896
1 0.072609 0.138250 0.145219 0.276500
1 0.950461 0.396073 0.019672 0.028354
1 0.947922 0.363344 0.033406 0.031771
1 0.963070 0.535198 0.029609 0.056021
58 0.736328 0.845062 0.527344 0.286458
1 0.486039 0.515156 0.972078 0.942854
