77 0.668345 0.543539 0.167405 0.070547
1 0.421190 0.529211 0.835524 0.919109
62 0.765964 0.957539 0.466167 0.084734
62 0.886869 0.734055 0.226262 0.382672
62 0.152595 0.306773 0.305190 0.190328
62 0.752964 0.392906 0.175833 0.141937
62 0.930929 0.412945 0.137905 0.106641
62 0.874595 0.197594 0.155857 0.118219
62 0.325298 0.202188 0.194786 0.129562
62 0.477940 0.023766 0.170071 0.047531
1 0.587274 0.089891 0.366405 0.175281
1 0.873321 0.050977 0.238310 0.096109
1 0.070690 0.075469 0.141381 0.150938
62 0.365536 0.075125 0.217643 0.110750
