54 0.430516 0.855134 0.168094 0.081715
62 0.892305 0.722665 0.095234 0.328926
67 0.434211 0.678089 0.865016 0.617996
1 0.625953 0.554060 0.458188 0.819814
47 0.067328 0.783574 0.095406 0.237893
47 0.044891 0.434628 0.064625 0.156116
48 0.264203 0.814959 0.122438 0.038471
49 0.293094 0.788802 0.186062 0.076736
49 0.294609 0.692138 0.147250 0.069360
44 0.973305 0.100372 0.051734 0.176901
44 0.934875 0.087004 0.048375 0.174008
44 0.900383 0.083533 0.049828 0.152934
44 0.868852 0.077397 0.045641 0.154256
44 0.811344 0.071519 0.054438 0.138740
44 0.774219 0.066188 0.037187 0.125971
44 0.747250 0.060775 0.034625 0.120723
44 0.843383 0.071426 0.034766 0.142851
44 0.701602 0.056229 0.049203 0.112459
44 0.605703 0.040372 0.016875 0.075868
47 0.418508 0.941157 0.109484 0.112479
51 0.429187 0.840248 0.202531 0.166488
77 0.549609 0.783048 0.113719 0.090351
77 0.253453 0.499390 0.037156 0.022955
44 0.652141 0.051942 0.031438 0.088306
48 0.298273 0.704163 0.135266 0.049814
44 0.675492 0.051519 0.017422 0.103037
44 0.726625 0.053802 0.021781 0.106983
1 0.343750 0.309607 0.318219 0.594793
