44 0.556633 0.910153 0.035922 0.179695
44 0.497203 0.903768 0.047281 0.189601
44 0.456180 0.916890 0.040172 0.144390
44 0.405500 0.912406 0.044188 0.145610
44 0.302688 0.926725 0.048781 0.122840
44 0.524148 0.860129 0.033766 0.143451
44 0.282008 0.560211 0.187047 0.121033
44 0.521000 0.915927 0.029125 0.111714
1 0.243344 0.684671 0.240906 0.628967
46 0.383961 0.688556 0.057578 0.145657
32 0.617016 0.683146 0.109187 0.512347
84 0.082852 0.934671 0.095047 0.066526
84 0.090188 0.799695 0.119219 0.164085
84 0.488672 0.503627 0.045531 0.063873
84 0.493844 0.566725 0.062750 0.024718
84 0.968180 0.756209 0.062328 0.085000
1 0.654641 0.549401 0.587250 0.901197
1 0.563703 0.566749 0.073313 0.216408
44 0.244008 0.938087 0.032766 0.103638
1 0.091641 0.777876 0.058500 0.104155
84 0.084242 0.950223 0.095859 0.053685
