4 0.184030 0.838130 0.353300 0.295688
4 0.386860 0.794857 0.053120 0.125091
4 0.402530 0.759104 0.061780 0.103143
7 0.533480 0.562325 0.355640 0.378935
1 0.372940 0.759727 0.163640 0.373584
1 0.152430 0.776169 0.138580 0.353688
1 0.254560 0.643506 0.076040 0.125195
1 0.098370 0.682558 0.072700 0.185273
1 0.015000 0.638792 0.025000 0.100545
1 0.294850 0.614234 0.035660 0.060000
4 0.377930 0.693740 0.025900 0.037299
1 0.044130 0.697260 0.081940 0.226468
4 0.825310 0.683481 0.035980 0.051377
4 0.260480 0.742429 0.060120 0.111870
4 0.282800 0.732805 0.025720 0.051896
1 0.197310 0.646857 0.043580 0.068416
1 0.276380 0.632805 0.047240 0.090909
1 0.820080 0.640130 0.030120 0.039117
