62 0.283244 0.390804 0.089598 0.114702
67 0.251220 0.401488 0.260885 0.136429
61 0.554960 0.690015 0.146273 0.078482
32 0.558338 0.365134 0.014638 0.052946
32 0.694786 0.362039 0.040563 0.036458
32 0.475335 0.278810 0.018499 0.040119
49 0.611421 0.636801 0.017909 0.031994
61 0.522265 0.730268 0.433217 0.193393
62 0.957869 0.340253 0.049786 0.067708
1 0.070710 0.312128 0.072252 0.107589
1 0.543324 0.419092 0.253727 0.461637
1 0.708673 0.534062 0.230912 0.650565
1 0.393727 0.361533 0.095818 0.211458
1 0.353606 0.280714 0.056595 0.085417
1 0.185858 0.280625 0.058043 0.097381
67 0.513579 0.809092 0.601314 0.350625
1 0.443177 0.297470 0.032735 0.073452
