16 0.822625 0.668656 0.033094 0.010906
16 0.755242 0.590320 0.020891 0.010172
16 0.844797 0.488234 0.018875 0.015406
16 0.856484 0.458125 0.019906 0.014344
16 0.730953 0.382422 0.023281 0.013187
16 0.751875 0.388477 0.029437 0.010984
85 0.489937 0.683422 0.114156 0.126031
16 0.789391 0.716898 0.014125 0.014203
16 0.981555 0.743578 0.015703 0.011344
16 0.802016 0.772422 0.016219 0.007656
16 0.858398 0.796102 0.008516 0.003297
16 0.074570 0.944234 0.018609 0.012500
16 0.903305 0.571328 0.023609 0.014281
16 0.952922 0.550617 0.015719 0.009422
