65 0.380953 0.680408 0.761906 0.612992
1 0.479000 0.422960 0.099719 0.183201
84 0.174102 0.408462 0.021078 0.052322
84 0.184719 0.406841 0.026719 0.063766
84 0.161469 0.397259 0.053125 0.061967
84 0.153336 0.411213 0.019297 0.048870
84 0.164039 0.411611 0.024484 0.048536
84 0.195633 0.406726 0.033078 0.071109
88 0.396609 0.486789 0.036406 0.054665
84 0.205711 0.413107 0.017922 0.073368
84 0.170078 0.412280 0.017781 0.050795
84 0.163055 0.406799 0.029453 0.054854
84 0.147242 0.409310 0.021109 0.043180
