3 0.680562 0.363502 0.045906 0.056728
3 0.746109 0.367154 0.052500 0.053111
3 0.855367 0.348618 0.054922 0.033917
3 0.377969 0.351325 0.052844 0.037903
3 0.096992 0.358859 0.029766 0.047120
38 0.241945 0.444412 0.192672 0.809516
38 0.748227 0.450991 0.182859 0.817972
1 0.375672 0.623237 0.208156 0.702604
1 0.043703 0.492926 0.056344 0.272166
1 0.116156 0.423917 0.031906 0.138848
1 0.234031 0.427258 0.018375 0.133456
1 0.220992 0.420818 0.023547 0.157028
1 0.594367 0.423283 0.030266 0.139055
1 0.085008 0.359654 0.028828 0.046912
1 0.344852 0.341797 0.010703 0.017650
1 0.144492 0.413986 0.031109 0.103548
1 0.867086 0.626970 0.207234 0.687627
1 0.559039 0.421763 0.037922 0.166567
1 0.700000 0.425645 0.024781 0.140645
3 0.600461 0.356855 0.029266 0.023018
3 0.214117 0.359781 0.068734 0.053387
3 0.125070 0.360887 0.034328 0.030760
1 0.531914 0.493779 0.049828 0.266820
8 0.172867 0.356694 0.049141 0.044585
8 0.649836 0.355945 0.047609 0.048018
8 0.968641 0.354631 0.043438 0.070230
8 0.474789 0.355922 0.032516 0.066037
3 0.263344 0.367707 0.029656 0.053618
