2 0.858789 0.616862 0.016453 0.041405
6 0.504516 0.561803 0.556250 0.615738
6 0.141219 0.552424 0.277438 0.322225
7 0.867344 0.340890 0.259375 0.175269
1 0.195672 0.626393 0.055219 0.178126
2 0.795766 0.565199 0.019344 0.028290
2 0.827195 0.549098 0.035203 0.049016
1 0.589008 0.550222 0.081609 0.091452
1 0.987609 0.681581 0.024781 0.223724
27 0.172680 0.601077 0.025609 0.067400
2 0.854844 0.551499 0.030125 0.053443
32 0.580023 0.568244 0.014797 0.028852
1 0.417125 0.525925 0.058094 0.119344
1 0.941969 0.626698 0.025188 0.147166
2 0.817781 0.616429 0.051687 0.038571
2 0.836016 0.616546 0.031281 0.043630
2 0.886758 0.555293 0.023797 0.041546
