44 0.662125 0.220727 0.024375 0.062453
44 0.620490 0.230141 0.020313 0.060469
44 0.554063 0.246016 0.019167 0.054813
44 0.634781 0.226484 0.020896 0.060813
44 0.537177 0.245688 0.017021 0.056750
44 0.643854 0.530695 0.025542 0.053203
44 0.604823 0.508836 0.017146 0.035047
44 0.674719 0.415828 0.028813 0.043844
78 0.495688 0.508164 0.112250 0.052609
79 0.301687 0.562297 0.228792 0.173344
81 0.760260 0.593352 0.296854 0.060016
44 0.600885 0.235406 0.016604 0.058500
44 0.572990 0.242078 0.017313 0.052500
44 0.619323 0.231305 0.081354 0.069609
47 0.933385 0.584875 0.068354 0.068344
55 0.814771 0.531773 0.037458 0.028984
55 0.859521 0.538602 0.031042 0.022953
44 0.703813 0.373648 0.023625 0.016734
49 0.577271 0.498367 0.006875 0.015484
51 0.978354 0.559664 0.039833 0.017328
84 0.368583 0.283953 0.055833 0.009094
47 0.724958 0.417563 0.029125 0.039062
50 0.303885 0.689555 0.131688 0.019141
