19 0.714914 0.554557 0.138453 0.303939
19 0.656289 0.494639 0.104047 0.156037
1 0.324813 0.551865 0.091781 0.378555
1 0.473078 0.355408 0.068781 0.234033
1 0.257078 0.518811 0.035406 0.143776
1 0.915531 0.483881 0.006656 0.040350
1 0.591789 0.403322 0.079516 0.343706
1 0.227453 0.523601 0.030125 0.161795
1 0.947477 0.483147 0.018078 0.058415
1 0.784000 0.482809 0.013750 0.053450
1 0.815344 0.489242 0.013688 0.062168
1 0.292734 0.442564 0.008000 0.018648
1 0.974906 0.481445 0.012219 0.067226
1 0.962062 0.489044 0.013437 0.051841
1 0.932945 0.489161 0.008547 0.033846
