28 0.253523 0.318411 0.278609 0.124533
28 0.347258 0.312897 0.155047 0.119065
6 0.674758 0.449579 0.522984 0.647196
6 0.965047 0.418143 0.069906 0.313248
1 0.267766 0.441075 0.042750 0.107617
1 0.330203 0.450164 0.031531 0.155514
1 0.556695 0.332921 0.057484 0.137991
1 0.286953 0.567150 0.086344 0.336262
1 0.362180 0.500000 0.045078 0.253925
1 0.225836 0.401273 0.033953 0.070444
55 0.272609 0.571437 0.009031 0.013294
55 0.203133 0.537407 0.072953 0.068692
3 0.976711 0.506764 0.046578 0.222967
1 0.011297 0.408423 0.022594 0.047827
1 0.181297 0.448575 0.028750 0.060327
1 0.205961 0.410759 0.014422 0.033107
1 0.086695 0.412874 0.027922 0.079953
53 0.131102 0.509650 0.008266 0.011308
53 0.150344 0.494194 0.061219 0.042313
53 0.208250 0.495058 0.064844 0.043808
53 0.181469 0.546157 0.074375 0.058061
53 0.260297 0.554147 0.034219 0.048762
53 0.279883 0.538189 0.024141 0.053107
53 0.259813 0.498037 0.003625 0.009346
53 0.156555 0.515187 0.042234 0.017991
55 0.283336 0.571916 0.014672 0.009579
55 0.170836 0.495748 0.021297 0.033364
55 0.219492 0.571098 0.005234 0.007991
55 0.164430 0.515327 0.013047 0.015327
