32 0.743440 0.261278 0.015440 0.080057
32 0.143630 0.243338 0.034220 0.064063
62 0.096020 0.714020 0.192040 0.413267
1 0.243180 0.503750 0.410520 0.946136
1 0.749970 0.486832 0.198820 0.843097
1 0.443550 0.291037 0.113660 0.582074
1 0.244980 0.157656 0.176000 0.304063
1 0.578230 0.524034 0.099660 0.671932
1 0.868890 0.464702 0.106100 0.564119
33 0.662080 0.666293 0.083840 0.235937
62 0.370000 0.227045 0.128480 0.443977
62 0.184660 0.537599 0.280160 0.211051
1 0.612240 0.469673 0.101240 0.507869
