1 0.423219 0.523531 0.130094 0.292063
1 0.494703 0.569854 0.195062 0.414917
1 0.563492 0.389479 0.207953 0.421167
1 0.113758 0.323604 0.187078 0.431458
1 0.718125 0.381396 0.051438 0.118250
35 0.530273 0.747552 0.172391 0.072396
15 0.570523 0.357938 0.299297 0.112917
15 0.682836 0.298917 0.154109 0.063125
15 0.945414 0.406458 0.076672 0.014292
15 0.969211 0.378979 0.061578 0.032625
15 0.757164 0.411854 0.081203 0.031500
1 0.022234 0.318021 0.044469 0.363250
15 0.989078 0.301062 0.021844 0.068625
1 0.761273 0.388406 0.032484 0.082062
35 0.616609 0.606344 0.043219 0.083729
