72 0.640742 0.453251 0.093828 0.105329
63 0.406930 0.782864 0.300734 0.413286
63 0.808789 0.783134 0.355828 0.433732
62 0.069281 0.694542 0.092625 0.182793
64 0.480633 0.513122 0.023359 0.081502
64 0.562641 0.635446 0.038812 0.040610
64 0.211250 0.515188 0.042562 0.082300
84 0.858398 0.406561 0.137766 0.067254
86 0.929578 0.270094 0.037969 0.088920
62 0.433461 0.594507 0.083516 0.133568
62 0.279297 0.593392 0.062562 0.126784
84 0.874914 0.505833 0.013297 0.043592
84 0.886203 0.303826 0.020625 0.046479
84 0.844781 0.314965 0.008844 0.039366
84 0.842344 0.507347 0.012000 0.040892
84 0.796727 0.508615 0.010109 0.042911
84 0.791859 0.329577 0.008594 0.037887
84 0.799969 0.327289 0.007844 0.037441
84 0.806789 0.324894 0.010703 0.038568
84 0.830000 0.319624 0.008438 0.042207
84 0.804531 0.507594 0.007187 0.040117
84 0.923750 0.505587 0.016563 0.051690
86 0.527438 0.405563 0.008281 0.027653
67 0.568172 0.705469 0.212219 0.175258
84 0.831070 0.509131 0.010859 0.043192
63 0.097016 0.584296 0.146969 0.085164
63 0.259633 0.553850 0.049078 0.069155
63 0.162336 0.561021 0.063609 0.071667
