44 0.449023 0.178958 0.045547 0.193042
1 0.695227 0.468687 0.564609 0.937083
1 0.612023 0.187354 0.282734 0.370208
1 0.281930 0.262573 0.381828 0.525146
1 0.076859 0.185812 0.153719 0.364875
1 0.424703 0.102583 0.207156 0.202833
49 0.763375 0.948708 0.211406 0.102583
59 0.133234 0.546490 0.260219 0.221979
67 0.499156 0.833333 0.998312 0.324333
67 0.500000 0.708990 1.000000 0.559562
1 0.349859 0.067094 0.059813 0.117396
47 0.474008 0.210260 0.035234 0.081979
48 0.558750 0.630062 0.118344 0.303625
48 0.616273 0.825656 0.024891 0.103771
59 0.299000 0.618490 0.344406 0.189229
62 0.947555 0.710677 0.104891 0.438729
62 0.056828 0.335260 0.113656 0.203104
62 0.255344 0.408302 0.301687 0.251688
67 0.439602 0.297521 0.100922 0.098917
1 0.522477 0.069375 0.098109 0.138750
1 0.958297 0.273521 0.083406 0.415542
47 0.306969 0.823219 0.090469 0.097896
47 0.407852 0.173677 0.054672 0.037437
59 0.496758 0.758021 0.198172 0.195042
62 0.455211 0.325010 0.041484 0.038854
