1 0.721980 0.611109 0.367368 0.247156
1 0.379574 0.634227 0.333684 0.302734
1 0.894699 0.598141 0.209348 0.208812
55 0.451454 0.835883 0.098346 0.065172
1 0.107682 0.611625 0.097218 0.121781
1 0.040940 0.635234 0.081880 0.101562
1 0.205251 0.641852 0.125589 0.185672
1 0.546203 0.587000 0.101930 0.107125
1 0.487368 0.556563 0.040501 0.093094
1 0.063158 0.718266 0.122005 0.124031
55 0.630451 0.880547 0.083759 0.061750
55 0.670301 0.827320 0.125714 0.060672
55 0.877431 0.938516 0.107544 0.067031
55 0.868033 0.892898 0.101228 0.049734
55 0.891053 0.846570 0.100000 0.060734
55 0.298145 0.909461 0.092632 0.063891
55 0.743684 0.769734 0.094436 0.059781
55 0.627519 0.783328 0.138346 0.065844
55 0.714236 0.812398 0.081805 0.055953
55 0.775739 0.846367 0.080652 0.058891
55 0.468697 0.897094 0.120251 0.052750
1 0.292945 0.596094 0.076767 0.088813
1 0.977945 0.565172 0.044110 0.053156
1 0.764561 0.559914 0.127318 0.078328
1 0.184148 0.587227 0.039674 0.058828
55 0.716103 0.879148 0.084937 0.067891
