85 0.752260 0.425992 0.033604 0.065422
85 0.717896 0.498766 0.021125 0.010562
8 0.653615 0.526109 0.087104 0.058000
11 0.697563 0.899859 0.221292 0.192156
1 0.549812 0.504641 0.464417 0.775281
3 0.070042 0.517008 0.050875 0.026266
3 0.276354 0.513984 0.033917 0.018500
3 0.754406 0.534289 0.046396 0.022109
3 0.216167 0.509992 0.013583 0.011297
1 0.153427 0.520578 0.028979 0.042438
1 0.065771 0.515695 0.025833 0.040141
3 0.152052 0.517008 0.057979 0.034453
3 0.294458 0.513563 0.015875 0.010281
10 0.269052 0.495320 0.008396 0.006922
10 0.298052 0.444289 0.010854 0.025703
