31 0.062664 0.563611 0.059109 0.184500
31 0.814133 0.523833 0.075359 0.281222
1 0.371945 0.585306 0.131766 0.779944
1 0.474023 0.537083 0.212359 0.885389
1 0.656117 0.544889 0.134422 0.769667
1 0.794617 0.539500 0.099484 0.546278
1 0.855945 0.594917 0.062297 0.430500
28 0.184328 0.095542 0.298000 0.128583
28 0.107688 0.231986 0.129219 0.155417
28 0.074234 0.356514 0.083406 0.084528
28 0.837094 0.259194 0.144781 0.138333
28 0.521414 0.101125 0.428516 0.202250
28 0.592016 0.281806 0.083312 0.065278
31 0.432937 0.559181 0.130187 0.238194
1 0.061281 0.587486 0.100188 0.383972
1 0.136820 0.530236 0.076016 0.549194
1 0.221211 0.566292 0.217422 0.840472
1 0.551297 0.325944 0.043312 0.089389
1 0.596375 0.704542 0.053500 0.189861
1 0.597992 0.332111 0.024141 0.067056
28 0.704930 0.279750 0.078578 0.068611
28 0.564789 0.268708 0.034859 0.031750
28 0.376641 0.284514 0.176219 0.214083
28 0.571906 0.399528 0.052094 0.147722
31 0.672203 0.422764 0.094375 0.117694
31 0.590141 0.614639 0.042281 0.027167
