39 0.523328 0.733781 0.062344 0.031479
40 0.446297 0.479823 0.016438 0.044937
40 0.694078 0.583323 0.018594 0.025771
1 0.682266 0.551458 0.066969 0.175083
1 0.415711 0.484000 0.054609 0.215875
1 0.486578 0.612938 0.075000 0.114750
1 0.042617 0.321135 0.036453 0.170104
1 0.020000 0.348885 0.033281 0.106021
1 0.769437 0.208312 0.025375 0.040833
1 0.806523 0.226271 0.057672 0.070625
1 0.973391 0.213083 0.041375 0.087250
1 0.965570 0.277000 0.035578 0.144167
1 0.794555 0.209667 0.037391 0.041833
1 0.743687 0.250083 0.029906 0.048417
39 0.086117 0.351719 0.026203 0.066896
62 0.064961 0.271667 0.029672 0.041917
62 0.094039 0.280219 0.027172 0.027896
62 0.118422 0.273927 0.023219 0.025854
62 0.144297 0.270469 0.023312 0.028521
62 0.177102 0.269563 0.024047 0.021292
62 0.202687 0.263448 0.025875 0.028187
62 0.226531 0.261240 0.020813 0.023646
62 0.384766 0.236896 0.021906 0.024875
62 0.028992 0.255219 0.020016 0.028521
62 0.364672 0.242802 0.021625 0.023312
62 0.341320 0.245500 0.024328 0.024042
62 0.249789 0.256708 0.022891 0.023708
1 0.912594 0.243479 0.020313 0.041250
62 0.404367 0.236781 0.019641 0.023438
