1 0.230594 0.482219 0.461188 0.450812
47 0.066656 0.829977 0.130229 0.203734
47 0.026969 0.707516 0.053937 0.064062
48 0.272156 0.690648 0.042813 0.131391
50 0.262229 0.827148 0.157917 0.164828
61 0.434948 0.803953 0.173854 0.133094
61 0.516781 0.596109 0.116479 0.075156
78 0.771531 0.062922 0.440437 0.116844
44 0.751469 0.277617 0.109479 0.044172
47 0.935083 0.292539 0.060750 0.064297
47 0.703490 0.260984 0.051646 0.056969
47 0.966427 0.287820 0.059479 0.064141
67 0.501500 0.760133 0.997000 0.459453
61 0.843198 0.640219 0.135187 0.095937
61 0.861833 0.939992 0.213833 0.117422
