1 0.616052 0.683344 0.023563 0.033906
1 0.657323 0.682664 0.021729 0.039297
1 0.429885 0.707336 0.029438 0.017609
1 0.406896 0.742383 0.022708 0.044703
38 0.733562 0.477305 0.027208 0.042391
1 0.439427 0.787742 0.010979 0.024109
1 0.672219 0.957508 0.025104 0.041141
1 0.018635 0.758055 0.023521 0.058547
1 0.141313 0.752969 0.036208 0.064438
1 0.031510 0.759250 0.008313 0.031969
1 0.781052 0.729211 0.018104 0.020578
38 0.883896 0.540727 0.055792 0.015109
1 0.454115 0.735648 0.027062 0.052422
1 0.635135 0.689750 0.011479 0.020500
