5 0.406508 0.459635 0.806484 0.520172
5 0.873750 0.577532 0.199625 0.139313
5 0.553406 0.737049 0.435719 0.214356
1 0.704289 0.757800 0.020828 0.093627
1 0.760461 0.652672 0.027703 0.048906
1 0.717688 0.656577 0.034375 0.053670
1 0.872437 0.649045 0.020156 0.071524
1 0.734898 0.744077 0.019484 0.080258
1 0.680438 0.778305 0.022031 0.089399
1 0.663398 0.749002 0.014984 0.036330
1 0.790305 0.664453 0.022922 0.092039
1 0.879813 0.607833 0.026438 0.048412
5 0.832672 0.062876 0.063813 0.028197
1 0.765758 0.694893 0.007953 0.021803
