19 0.276148 0.648267 0.206359 0.218501
19 0.371289 0.677108 0.090109 0.167845
19 0.653578 0.655703 0.168125 0.204754
19 0.800164 0.681230 0.209734 0.186440
1 0.452531 0.597775 0.080937 0.125855
1 0.777695 0.612822 0.053516 0.179977
1 0.823180 0.583899 0.044141 0.078197
1 0.461805 0.560410 0.059547 0.076323
1 0.519188 0.597412 0.060906 0.085176
1 0.763687 0.581651 0.024438 0.051358
1 0.846563 0.584766 0.036656 0.094637
16 0.727000 0.461241 0.014969 0.016674
16 0.882570 0.454344 0.016984 0.013888
16 0.749266 0.447482 0.014344 0.015667
16 0.676281 0.452553 0.010656 0.006979
16 0.655836 0.439098 0.010484 0.008314
16 0.753086 0.458665 0.008516 0.013208
16 0.830961 0.456803 0.017359 0.011686
16 0.919812 0.464438 0.019906 0.014169
1 0.540289 0.598033 0.032016 0.090679
1 0.637203 0.507857 0.025375 0.132014
16 0.616344 0.461511 0.011250 0.013372
16 0.585836 0.442272 0.014172 0.015222
