64 0.660020 0.212267 0.058880 0.185920
64 0.721030 0.435400 0.101100 0.210747
64 0.751610 0.153440 0.063900 0.297387
64 0.850600 0.195640 0.073400 0.223867
64 0.811640 0.381360 0.065080 0.275733
64 0.911710 0.388947 0.076940 0.229360
64 0.938610 0.188813 0.061020 0.255920
64 0.774440 0.645507 0.082600 0.242693
64 0.974600 0.384173 0.049320 0.216347
44 0.935150 0.736920 0.076100 0.336987
44 0.241850 0.307880 0.092380 0.095600
62 0.208060 0.822587 0.090320 0.333333
67 0.663620 0.846707 0.672760 0.283013
1 0.525840 0.582027 0.559560 0.813493
46 0.490730 0.581213 0.077260 0.248133
46 0.376570 0.895893 0.095260 0.208213
86 0.655640 0.266440 0.058520 0.073040
86 0.703930 0.487787 0.047540 0.084747
46 0.458940 0.904653 0.093080 0.190693
46 0.683730 0.837880 0.067180 0.264507
46 0.638550 0.878680 0.071780 0.195600
46 0.603250 0.752987 0.064260 0.073707
46 0.629410 0.764520 0.064660 0.058853
86 0.787580 0.721400 0.034640 0.092773
