4 0.494766 0.507482 0.989531 0.961803
1 0.589375 0.490691 0.655594 0.972717
1 0.970164 0.099766 0.059672 0.199110
1 0.190031 0.113489 0.138031 0.225995
1 0.303695 0.103841 0.110797 0.206089
1 0.061469 0.244941 0.113937 0.480890
31 0.104953 0.346815 0.074969 0.164028
31 0.248156 0.209824 0.034813 0.137494
1 0.833148 0.112986 0.110953 0.179977
1 0.599922 0.083501 0.067219 0.167002
1 0.699508 0.144731 0.113547 0.289461
1 0.777937 0.150304 0.083375 0.296721
1 0.568133 0.104719 0.142578 0.209438
1 0.905047 0.105831 0.087094 0.211663
1 0.104586 0.090562 0.057953 0.181124
1 0.732508 0.037412 0.045266 0.074824
