18 0.376000 0.504573 0.211080 0.271813
18 0.311360 0.068320 0.048800 0.136640
18 0.149610 0.196627 0.132700 0.110480
34 0.274340 0.506293 0.070800 0.085387
1 0.777810 0.096787 0.126420 0.193253
1 0.420980 0.124467 0.085480 0.207760
1 0.220550 0.120627 0.143820 0.225787
1 0.067580 0.127987 0.135160 0.254320
1 0.180850 0.073400 0.081300 0.145200
1 0.535440 0.084893 0.077480 0.169787
1 0.592160 0.073787 0.033200 0.146880
1 0.107880 0.076733 0.050720 0.153467
1 0.424000 0.109973 0.154880 0.219947
1 0.981740 0.094387 0.035400 0.188773
27 0.617960 0.078853 0.044960 0.152053
27 0.320350 0.159347 0.075860 0.126427
1 0.940850 0.120467 0.113500 0.149360
1 0.673480 0.103347 0.089960 0.206693
1 0.950950 0.041987 0.072180 0.083973
