44 0.676203 0.900023 0.033656 0.199953
44 0.633156 0.858908 0.041906 0.123404
32 0.459930 0.804847 0.111172 0.390305
32 0.940102 0.747195 0.043391 0.137066
1 0.352297 0.518580 0.491719 0.962840
1 0.060234 0.860798 0.119406 0.278404
1 0.084437 0.647758 0.135375 0.194061
1 0.033805 0.492653 0.067609 0.444695
1 0.666375 0.770176 0.234313 0.374437
1 0.928539 0.751690 0.142922 0.361784
46 0.742344 0.948404 0.037562 0.103192
1 0.512711 0.614871 0.089953 0.394155
1 0.240406 0.445516 0.078125 0.225728
44 0.528469 0.915704 0.034156 0.146808
44 0.502891 0.876420 0.029375 0.122371
1 0.483883 0.744941 0.115172 0.321338
1 0.061227 0.448674 0.073828 0.296784
47 0.632555 0.960880 0.074328 0.077911
