1 0.792328 0.639385 0.145594 0.674938
1 0.907234 0.621573 0.185531 0.756854
1 0.945250 0.305323 0.047844 0.062146
1 0.983203 0.319448 0.033594 0.061271
18 0.565742 0.847031 0.045984 0.120688
88 0.359039 0.706208 0.139984 0.174500
18 0.521500 0.888719 0.053062 0.076979
18 0.607406 0.888865 0.069625 0.088438
18 0.641945 0.858625 0.034266 0.094583
88 0.529469 0.790156 0.067875 0.127396
88 0.577203 0.759677 0.044656 0.068896
88 0.518062 0.619000 0.084375 0.140292
88 0.617195 0.641198 0.116172 0.166896
88 0.456688 0.653896 0.086875 0.156042
