5 0.580385 0.472297 0.190146 0.053562
9 0.854187 0.534586 0.089500 0.051453
9 0.385073 0.575148 0.105229 0.067922
3 0.290385 0.744133 0.022771 0.009828
3 0.411490 0.748086 0.014354 0.009703
3 0.377667 0.754117 0.023333 0.006703
6 0.178604 0.768555 0.051292 0.008859
9 0.962615 0.595164 0.061312 0.038734
9 0.568812 0.271648 0.018250 0.013703
3 0.189188 0.760477 0.013083 0.007953
3 0.120333 0.763992 0.013708 0.006547
3 0.294833 0.760047 0.010125 0.004969
3 0.101281 0.763320 0.017021 0.009922
3 0.175844 0.740391 0.019813 0.006313
3 0.328448 0.754625 0.008229 0.005250
3 0.237104 0.765484 0.017000 0.008625
3 0.250063 0.762648 0.009042 0.005297
3 0.308188 0.756820 0.018625 0.006641
3 0.228740 0.761242 0.015396 0.009047
9 0.954479 0.777500 0.091042 0.008531
