44 0.792812 0.476745 0.009437 0.054520
44 0.810172 0.473396 0.026406 0.065855
47 0.328023 0.502623 0.022391 0.036768
47 0.231281 0.497939 0.026281 0.049602
47 0.357641 0.502213 0.024813 0.037166
51 0.290992 0.512002 0.039828 0.020726
51 0.619742 0.494824 0.032672 0.035644
51 0.761977 0.499005 0.028359 0.023536
52 0.085938 0.494532 0.083469 0.066815
47 0.797602 0.490000 0.017891 0.032787
50 0.908180 0.453536 0.034453 0.027728
47 0.174000 0.495820 0.026594 0.048735
79 0.521016 0.381674 0.070500 0.173232
79 0.523844 0.560129 0.072125 0.178150
