44 0.591281 0.731200 0.025875 0.148000
44 0.621867 0.747318 0.033266 0.121835
47 0.876484 0.318012 0.017781 0.038094
49 0.764711 0.304776 0.126516 0.028706
49 0.770563 0.337929 0.126094 0.024424
81 0.380984 0.849024 0.409219 0.125200
46 0.928648 0.056918 0.032641 0.110824
46 0.948883 0.046729 0.011047 0.090776
47 0.896117 0.311259 0.016984 0.028776
47 0.909188 0.299976 0.013906 0.038918
49 0.774570 0.362235 0.136609 0.018965
49 0.771109 0.384094 0.136719 0.033224
49 0.765070 0.411294 0.097266 0.021506
49 0.748398 0.210353 0.095703 0.056941
49 0.762625 0.260741 0.105438 0.046753
49 0.799727 0.672259 0.021891 0.073129
51 0.887023 0.747553 0.072141 0.156000
51 0.372477 0.414141 0.055422 0.041365
51 0.316617 0.634541 0.079953 0.091247
47 0.932141 0.295835 0.017469 0.026306
46 0.129680 0.460235 0.040109 0.115106
46 0.095961 0.458494 0.039141 0.120094
46 0.092117 0.075965 0.039859 0.103788
46 0.128891 0.285200 0.041438 0.105929
46 0.095273 0.264165 0.041453 0.117553
46 0.125516 0.112588 0.047031 0.103388
46 0.078703 0.289682 0.006438 0.056682
