7 0.406516 0.593059 0.103062 0.214762
10 0.807008 0.350220 0.021141 0.063077
10 0.155703 0.241282 0.023781 0.088791
10 0.270102 0.277747 0.014484 0.071245
1 0.168703 0.634835 0.032594 0.249451
1 0.258680 0.558480 0.012547 0.063040
1 0.978219 0.675128 0.034687 0.210403
1 0.868336 0.605073 0.042234 0.089121
1 0.956305 0.616685 0.022734 0.101575
1 0.931047 0.621117 0.031531 0.087509
1 0.902297 0.626062 0.030187 0.074396
1 0.888102 0.601429 0.025266 0.066960
1 0.286930 0.542143 0.022516 0.079231
1 0.239312 0.601136 0.041875 0.201905
31 0.182000 0.604780 0.018250 0.099524
1 0.150766 0.630531 0.016000 0.232711
1 0.873961 0.574194 0.015797 0.056374
31 0.169969 0.630916 0.017906 0.058828
1 0.795906 0.596154 0.021406 0.066007
