51 0.713492 0.059554 0.197453 0.114601
56 0.747852 0.828239 0.236484 0.320000
56 0.839875 0.588439 0.153844 0.294812
56 0.099766 0.652453 0.159000 0.213122
56 0.167461 0.448087 0.149828 0.271667
56 0.314023 0.763533 0.324203 0.449413
50 0.798031 0.131608 0.059000 0.066268
50 0.841477 0.087582 0.194609 0.091925
56 0.753133 0.286514 0.115172 0.195516
56 0.588586 0.921350 0.282703 0.134812
56 0.362141 0.170915 0.153531 0.078638
56 0.558641 0.652477 0.281594 0.458897
56 0.654391 0.607793 0.105469 0.135070
