19 0.427305 0.583698 0.564922 0.652354
19 0.365203 0.654927 0.530750 0.617812
3 0.922766 0.614990 0.154062 0.232937
3 0.057828 0.658354 0.108844 0.285708
3 0.059125 0.538281 0.118250 0.141896
3 0.963523 0.531031 0.072953 0.087438
1 0.776961 0.604490 0.161797 0.642687
1 0.360789 0.344208 0.148391 0.569042
1 0.476711 0.221948 0.124766 0.278396
3 0.308570 0.703135 0.210203 0.134521
3 0.562500 0.689187 0.077687 0.123875
3 0.824773 0.698271 0.043078 0.080667
32 0.759648 0.405271 0.017172 0.031833
3 0.909273 0.500062 0.069953 0.015292
