21 0.251596 0.745406 0.284038 0.372406
2 0.903838 0.821719 0.192324 0.356563
3 0.346056 0.416914 0.333662 0.106297
1 0.683662 0.759555 0.259953 0.458422
1 0.714754 0.422117 0.092089 0.099391
1 0.607523 0.397891 0.082981 0.081594
1 0.459871 0.438070 0.114624 0.116203
1 0.142183 0.448813 0.185493 0.141750
1 0.350387 0.353852 0.026784 0.018359
1 0.265540 0.490664 0.229624 0.149203
1 0.661690 0.544312 0.140282 0.195469
1 0.728592 0.530242 0.119014 0.155359
1 0.886878 0.450414 0.121362 0.160047
1 0.499155 0.488398 0.170563 0.188797
1 0.380869 0.518859 0.095775 0.183531
4 0.468204 0.699227 0.229883 0.179891
4 0.376021 0.860734 0.442371 0.278531
4 0.589519 0.601703 0.059789 0.155000
4 0.860446 0.618859 0.152488 0.230000
4 0.252805 0.568180 0.246127 0.141328
4 0.492559 0.564523 0.156854 0.162328
4 0.797817 0.499820 0.147089 0.078328
4 0.875833 0.473687 0.088005 0.093250
8 0.590763 0.377773 0.281103 0.064891
1 0.324096 0.348078 0.039507 0.032125
4 0.525669 0.639336 0.078099 0.103078
4 0.942183 0.455055 0.072254 0.088766
8 0.095869 0.684914 0.191737 0.445797
