1 0.099227 0.763438 0.024828 0.094708
1 0.443891 0.720719 0.014781 0.055771
1 0.604422 0.707698 0.012812 0.044437
1 0.613430 0.705125 0.011391 0.024042
1 0.170586 0.735437 0.017641 0.060792
1 0.110062 0.777531 0.020156 0.052729
9 0.520414 0.752729 0.371391 0.188292
9 0.748312 0.745510 0.343812 0.087646
9 0.862953 0.706354 0.187250 0.047000
9 0.066445 0.714771 0.109203 0.064500
9 0.166055 0.705708 0.129234 0.067750
9 0.273289 0.705094 0.125453 0.053354
9 0.502508 0.717531 0.065859 0.041604
31 0.456813 0.725552 0.010875 0.013646
31 0.091039 0.739729 0.009859 0.023167
1 0.644758 0.697896 0.009578 0.014917
1 0.745750 0.685177 0.014469 0.025854
1 0.164563 0.769781 0.022875 0.057146
1 0.688617 0.717104 0.011078 0.025292
9 0.925430 0.723177 0.068984 0.022229
9 0.848867 0.741875 0.095734 0.032625
9 0.039547 0.727531 0.077187 0.045396
1 0.264648 0.741729 0.027516 0.082792
1 0.723625 0.699271 0.009562 0.028667
1 0.744883 0.736062 0.012891 0.023042
