15 0.097211 0.742697 0.194422 0.474173
15 0.194430 0.742697 0.285391 0.433701
31 0.681641 0.328691 0.030469 0.078642
33 0.926313 0.446663 0.088531 0.078917
1 0.535422 0.560817 0.391500 0.713957
1 0.308703 0.583907 0.362938 0.823524
1 0.082945 0.380522 0.165891 0.321358
1 0.355703 0.303346 0.074469 0.178740
1 0.927133 0.336122 0.059859 0.161732
1 0.706680 0.266732 0.076828 0.217402
1 0.658086 0.317598 0.049203 0.202205
1 0.613594 0.534272 0.253281 0.541575
1 0.534930 0.250089 0.084734 0.214980
1 0.501687 0.267677 0.036312 0.106024
77 0.674656 0.407628 0.045000 0.021555
77 0.652844 0.255049 0.016500 0.022815
1 0.992367 0.306073 0.015266 0.078012
1 0.314031 0.319104 0.051781 0.158563
27 0.658289 0.510207 0.133547 0.156791
27 0.489219 0.526683 0.227156 0.248484
31 0.668070 0.533543 0.115359 0.109016
