64 0.592953 0.793254 0.173187 0.265167
63 0.139156 0.732548 0.278313 0.501077
1 0.501891 0.584270 0.179719 0.592847
1 0.692773 0.557847 0.201703 0.514689
1 0.191109 0.667261 0.370500 0.573995
47 0.430531 0.924797 0.041719 0.072943
47 0.459117 0.866758 0.044016 0.091746
47 0.609813 0.632620 0.028687 0.056579
84 0.071828 0.091364 0.029625 0.103636
84 0.131148 0.226065 0.028891 0.088493
84 0.050289 0.104557 0.022516 0.076005
47 0.416273 0.977596 0.046359 0.044809
63 0.600500 0.642392 0.425094 0.339522
84 0.089391 0.094163 0.051625 0.106555
84 0.019023 0.090957 0.035141 0.106603
84 0.173680 0.228876 0.011516 0.080239
84 0.058430 0.090945 0.028109 0.100742
84 0.146086 0.229617 0.017891 0.086077
84 0.073016 0.221459 0.012250 0.080191
84 0.081359 0.219390 0.019719 0.087153
84 0.161953 0.223146 0.014813 0.097632
84 0.090672 0.225730 0.019875 0.075048
51 0.560156 0.915203 0.090438 0.070120
86 0.564422 0.880813 0.059062 0.076890
84 0.041117 0.103194 0.027797 0.079737
47 0.340109 0.608158 0.025781 0.064163
