62 0.666352 0.781710 0.128016 0.314379
62 0.666438 0.838021 0.174625 0.297541
62 0.131484 0.639649 0.049594 0.132881
67 0.820914 0.835679 0.357828 0.319696
49 0.788094 0.894625 0.104125 0.029110
31 0.261117 0.678501 0.060234 0.164824
44 0.848219 0.715492 0.038219 0.127049
50 0.581906 0.940703 0.039281 0.021171
62 0.862531 0.650831 0.109219 0.148829
72 0.673359 0.541452 0.051219 0.092834
84 0.625602 0.373794 0.008641 0.041218
84 0.616531 0.423829 0.003219 0.040726
84 0.614664 0.420621 0.009203 0.040492
84 0.660484 0.538759 0.018688 0.061218
84 0.620953 0.480234 0.004281 0.027728
84 0.605953 0.418454 0.009375 0.047307
84 0.607031 0.466932 0.006625 0.044450
47 0.948930 0.807881 0.035797 0.074309
62 0.342727 0.527073 0.092516 0.085808
84 0.631398 0.483384 0.003234 0.033888
84 0.643523 0.483958 0.011547 0.048337
84 0.635312 0.486089 0.004719 0.039625
84 0.626734 0.423817 0.003469 0.047026
84 0.643086 0.435984 0.008453 0.037213
33 0.530961 0.849391 0.095797 0.125480
84 0.634023 0.382881 0.002266 0.024918
62 0.202453 0.892424 0.121594 0.215152
