18 0.578523 0.580031 0.103859 0.139353
4 0.541781 0.657150 0.284062 0.237223
31 0.833734 0.476054 0.074813 0.051357
31 0.052516 0.456169 0.034219 0.049958
31 0.577641 0.390741 0.047906 0.103820
1 0.845000 0.480846 0.186656 0.511169
1 0.741398 0.489948 0.090141 0.157766
1 0.668031 0.494896 0.115875 0.182985
1 0.622539 0.399353 0.052172 0.266472
1 0.584688 0.430428 0.056656 0.261775
1 0.395031 0.386576 0.060750 0.154071
1 0.341078 0.444791 0.064281 0.296681
1 0.063070 0.465167 0.079047 0.373048
1 0.195555 0.473445 0.075953 0.322589
1 0.207734 0.425898 0.074781 0.151211
1 0.946633 0.341775 0.045391 0.175073
1 0.314492 0.413873 0.045078 0.212129
1 0.404109 0.465511 0.052812 0.107098
