44 0.408182 0.623133 0.061070 0.177016
1 0.728431 0.677922 0.285205 0.623875
8 0.501275 0.493945 0.997451 0.987891
52 0.932308 0.298047 0.044973 0.084156
52 0.371417 0.305492 0.070927 0.080891
52 0.391239 0.275977 0.092032 0.067109
52 0.383922 0.245094 0.099394 0.073563
52 0.321426 0.266281 0.051836 0.040188
52 0.248939 0.564414 0.210499 0.135016
52 0.249840 0.299406 0.086667 0.033875
52 0.673333 0.266195 0.075009 0.038172
52 0.407406 0.441000 0.019447 0.018531
52 0.314875 0.293891 0.084153 0.065562
52 0.472068 0.309211 0.111159 0.137453
52 0.349813 0.691648 0.057950 0.028828
52 0.611381 0.225898 0.075276 0.028578
