20 0.416828 0.648267 0.176625 0.408852
20 0.611570 0.549508 0.221516 0.364637
20 0.605180 0.383794 0.160266 0.258501
20 0.660461 0.883911 0.401547 0.232178
20 0.862883 0.644848 0.274234 0.376862
20 0.257555 0.527951 0.176484 0.281710
20 0.352070 0.337892 0.136203 0.138689
20 0.087211 0.548864 0.160078 0.495574
20 0.738195 0.232529 0.121359 0.170679
20 0.355891 0.205667 0.174187 0.209977
20 0.890859 0.427260 0.218281 0.208150
20 0.188742 0.201768 0.184047 0.186721
20 0.630516 0.302646 0.134563 0.170867
