67 0.492167 0.821250 0.984333 0.331094
1 0.171417 0.290656 0.076500 0.079781
15 0.500750 0.506203 0.989542 0.381156
47 0.895875 0.831461 0.197750 0.314609
47 0.859594 0.697531 0.171729 0.234781
48 0.047792 0.731203 0.095583 0.067094
49 0.117073 0.738211 0.070312 0.098484
59 0.465198 0.758578 0.384062 0.127000
59 0.197177 0.907664 0.394354 0.184672
59 0.735865 0.707617 0.090937 0.058609
1 0.039083 0.286133 0.077958 0.086328
1 0.304260 0.282664 0.074313 0.060047
1 0.353406 0.268727 0.033354 0.032984
1 0.681698 0.253398 0.063938 0.054797
48 0.055979 0.721727 0.036333 0.051516
51 0.597792 0.876563 0.153375 0.102594
1 0.537542 0.360359 0.630625 0.666656
1 0.609063 0.247055 0.043625 0.024109
1 0.726021 0.263336 0.083625 0.046766
1 0.228125 0.272734 0.048792 0.037750
1 0.638833 0.258289 0.029708 0.027203
1 0.240385 0.305578 0.052271 0.041125
1 0.199500 0.287883 0.039958 0.067203
67 0.915938 0.474672 0.168125 0.040188
