62 0.790880 0.703371 0.112640 0.197734
62 0.859640 0.741416 0.059280 0.138187
67 0.459300 0.764193 0.890040 0.413484
1 0.692690 0.608966 0.132580 0.269150
1 0.081520 0.506346 0.156720 0.500000
1 0.941050 0.608994 0.117900 0.548300
48 0.458500 0.917975 0.104720 0.065184
48 0.443680 0.901544 0.082480 0.050340
50 0.762080 0.968739 0.073080 0.062125
50 0.410730 0.895595 0.097540 0.065921
50 0.387910 0.871544 0.106300 0.062918
50 0.494520 0.945949 0.124040 0.078810
61 0.578780 0.661856 0.179120 0.106601
61 0.668240 0.847096 0.216360 0.194023
47 0.219740 0.849603 0.073280 0.131955
47 0.434460 0.681530 0.044280 0.089462
47 0.438260 0.620779 0.031440 0.040652
47 0.162010 0.696303 0.049660 0.095496
47 0.180310 0.654788 0.038780 0.083003
47 0.476980 0.676558 0.046040 0.112096
47 0.857680 0.899221 0.061760 0.135779
47 0.628770 0.963612 0.073060 0.072776
50 0.517580 0.956530 0.107600 0.086941
62 0.585870 0.586657 0.110260 0.059377
1 0.403250 0.402805 0.300460 0.509008
1 0.065780 0.232521 0.127480 0.319037
47 0.467540 0.647422 0.030320 0.076884
48 0.540740 0.966473 0.092480 0.066091
48 0.479050 0.925326 0.137460 0.067875
48 0.556560 0.970737 0.071600 0.058527
50 0.389530 0.887592 0.092580 0.044929
47 0.738500 0.778314 0.047480 0.106374
