6 0.597719 0.494990 0.607531 0.698771
31 0.256180 0.557740 0.067422 0.159562
1 0.063758 0.685896 0.127516 0.606250
1 0.106500 0.428656 0.059531 0.089687
1 0.152664 0.645927 0.142578 0.576813
1 0.385383 0.605802 0.101297 0.458396
1 0.589344 0.362146 0.098625 0.165458
1 0.543367 0.360115 0.046953 0.142937
1 0.579859 0.326740 0.034187 0.055271
1 0.652781 0.356146 0.072125 0.152292
1 0.269633 0.638906 0.119203 0.460813
1 0.746016 0.404448 0.088281 0.094313
27 0.381773 0.516792 0.055484 0.128625
31 0.236508 0.662125 0.022328 0.055042
