39 0.676367 0.398970 0.051172 0.024777
1 0.662633 0.498089 0.060016 0.126497
1 0.705016 0.494904 0.067750 0.137877
1 0.723492 0.251507 0.051891 0.090658
1 0.875180 0.274692 0.028922 0.065732
1 0.843828 0.257240 0.051781 0.096815
62 0.854789 0.043715 0.033828 0.020764
62 0.669359 0.208567 0.046312 0.046730
62 0.722656 0.176444 0.037750 0.025202
62 0.779531 0.214098 0.036844 0.040594
62 0.814961 0.218535 0.035703 0.042675
62 0.850852 0.221911 0.041797 0.049682
62 0.834016 0.185775 0.043188 0.024459
1 0.427500 0.180531 0.043219 0.067601
1 0.403133 0.154554 0.032047 0.062654
1 0.340438 0.126072 0.043000 0.060679
1 0.806836 0.262070 0.037578 0.080149
1 0.691859 0.134660 0.039938 0.059682
1 0.713461 0.118885 0.030766 0.071316
1 0.609617 0.492017 0.090172 0.181868
40 0.641695 0.511921 0.014047 0.018620
40 0.632305 0.474246 0.008609 0.021783
62 0.686984 0.174703 0.037469 0.027240
62 0.891016 0.221242 0.041844 0.036157
62 0.773758 0.267505 0.044172 0.063758
62 0.923031 0.227643 0.023625 0.046242
62 0.661219 0.260998 0.037969 0.065308
1 0.730359 0.136794 0.044094 0.058301
62 0.386633 0.233429 0.034797 0.039257
