64 0.031031 0.879500 0.062062 0.100292
64 0.070039 0.872073 0.050828 0.108937
64 0.115133 0.862104 0.047734 0.111375
64 0.195492 0.850021 0.045422 0.112000
64 0.234461 0.841896 0.032047 0.106292
64 0.160500 0.863885 0.046844 0.097604
64 0.267734 0.833531 0.042969 0.118688
64 0.305898 0.824344 0.042141 0.112354
64 0.375000 0.817969 0.038750 0.080896
64 0.510320 0.748156 0.024172 0.049937
64 0.394094 0.814813 0.033375 0.073417
64 0.461797 0.718729 0.040438 0.121333
64 0.350187 0.837833 0.024938 0.057000
64 0.412719 0.811542 0.020813 0.064542
64 0.423508 0.801156 0.011516 0.069437
64 0.324625 0.819708 0.028094 0.106000
25 0.035391 0.620219 0.070781 0.215729
25 0.190570 0.617396 0.048922 0.201625
25 0.228695 0.646906 0.046453 0.132938
25 0.310734 0.559375 0.056500 0.268500
25 0.518227 0.575594 0.102703 0.211271
25 0.728375 0.563917 0.091000 0.183875
25 0.809422 0.590167 0.101500 0.109875
25 0.846992 0.510500 0.067484 0.076292
25 0.855125 0.562823 0.048875 0.139604
25 0.404898 0.552615 0.051172 0.227604
25 0.590586 0.371875 0.039703 0.093417
25 0.610578 0.364438 0.023688 0.079625
25 0.891625 0.583479 0.081844 0.092875
