4 0.429000 0.700898 0.822125 0.573984
4 0.876969 0.551430 0.207313 0.163859
4 0.105094 0.558852 0.071771 0.122578
15 0.347250 0.448398 0.243125 0.070828
15 0.186396 0.423523 0.081125 0.037703
1 0.844646 0.464219 0.128417 0.119063
1 0.747635 0.440375 0.052104 0.093031
1 0.647323 0.401914 0.039813 0.034172
15 0.330448 0.400125 0.080312 0.032937
1 0.953479 0.455383 0.052667 0.076828
1 0.925229 0.409930 0.016625 0.020484
1 0.877031 0.401836 0.019312 0.006328
1 0.820573 0.396508 0.022313 0.032953
1 0.855896 0.406281 0.031792 0.029375
1 0.710406 0.411602 0.032354 0.021297
1 0.108323 0.382023 0.032563 0.090891
1 0.928719 0.451781 0.050521 0.065500
4 0.718000 0.528477 0.160500 0.122516
1 0.840635 0.404188 0.031062 0.027281
1 0.972010 0.443969 0.027146 0.050687
