1 0.449680 0.747173 0.012600 0.047360
1 0.462550 0.748707 0.015900 0.047440
1 0.491430 0.756880 0.031220 0.056533
38 0.568980 0.510533 0.015080 0.016213
38 0.639600 0.253840 0.004240 0.008053
38 0.304290 0.449453 0.008860 0.010960
1 0.567330 0.758920 0.017140 0.038427
1 0.553220 0.755160 0.019800 0.048027
1 0.433560 0.750907 0.019480 0.045120
1 0.590410 0.761613 0.015980 0.032773
1 0.603290 0.759987 0.016740 0.039173
16 0.569260 0.511627 0.017720 0.018560
16 0.690720 0.450973 0.008480 0.009413
38 0.197240 0.656133 0.007080 0.006027
38 0.691150 0.450720 0.008740 0.007413
38 0.854240 0.418280 0.003800 0.004507
16 0.640070 0.252947 0.006060 0.010320
16 0.197660 0.656493 0.006000 0.006000
16 0.278620 0.357360 0.006680 0.006773
16 0.300500 0.045347 0.005520 0.007493
16 0.876670 0.466613 0.012300 0.014560
16 0.621770 0.594147 0.005460 0.006053
16 0.641620 0.462413 0.003040 0.005307
38 0.884950 0.190920 0.007180 0.008987
38 0.273630 0.482867 0.007380 0.011813
38 0.279230 0.357027 0.006940 0.007280
38 0.193010 0.296413 0.007380 0.006640
38 0.877280 0.466600 0.009280 0.012347
