34 0.523050 0.316727 0.082300 0.031171
1 0.480340 0.391081 0.161480 0.602102
1 0.523160 0.515465 0.264160 0.347868
1 0.764230 0.445961 0.117220 0.354324
1 0.880510 0.534189 0.210220 0.480991
1 0.672140 0.381907 0.044400 0.191982
1 0.618190 0.386006 0.042620 0.184264
1 0.317880 0.381967 0.034160 0.167417
1 0.341070 0.335811 0.015460 0.102613
1 0.298330 0.358333 0.020580 0.120210
1 0.972550 0.356862 0.035500 0.147838
1 0.920430 0.365495 0.016020 0.071592
1 0.086050 0.344264 0.019460 0.092132
27 0.980950 0.477883 0.028420 0.025375
