1 0.395867 0.381979 0.105328 0.235625
1 0.612812 0.679802 0.033000 0.105646
1 0.709367 0.712240 0.043578 0.131979
1 0.643695 0.673000 0.028672 0.099708
1 0.955070 0.927198 0.022797 0.046562
1 0.931672 0.860365 0.033000 0.056438
35 0.368664 0.465937 0.221422 0.210625
1 0.672562 0.383844 0.044062 0.149604
1 0.600633 0.817063 0.063234 0.119375
1 0.667898 0.807542 0.060266 0.124250
9 0.338750 0.575792 0.028687 0.013083
9 0.246602 0.549656 0.006391 0.008021
9 0.105805 0.577188 0.012266 0.021333
27 0.713172 0.694365 0.038750 0.046062
1 0.541250 0.840333 0.053219 0.096958
9 0.674617 0.539729 0.008078 0.009625
1 0.960375 0.881187 0.017719 0.052167
1 0.880727 0.827656 0.038672 0.075479
9 0.224937 0.540938 0.006188 0.008250
27 0.695352 0.832490 0.027484 0.066312
1 0.791836 0.853563 0.034828 0.041750
