1 0.261172 0.514333 0.206094 0.423917
1 0.530109 0.573146 0.166781 0.450708
2 0.336836 0.648125 0.213328 0.126917
2 0.838531 0.414885 0.033000 0.086604
2 0.063859 0.458917 0.062031 0.130458
2 0.814156 0.419177 0.025719 0.076604
2 0.717750 0.425958 0.024281 0.063083
1 0.023641 0.453719 0.047281 0.327646
8 0.361719 0.303594 0.159344 0.122479
10 0.149258 0.155552 0.015859 0.049271
10 0.340977 0.186125 0.014328 0.033083
10 0.113062 0.272354 0.018625 0.024500
10 0.288961 0.079240 0.081828 0.110979
1 0.457328 0.555635 0.083406 0.263896
1 0.977945 0.400125 0.029266 0.116208
1 0.767016 0.378562 0.016813 0.085208
1 0.735961 0.364510 0.021391 0.048104
1 0.709586 0.388687 0.022984 0.080917
1 0.659555 0.408750 0.029516 0.146500
8 0.605273 0.391396 0.098734 0.089708
10 0.356516 0.187708 0.014750 0.029917
10 0.165266 0.158677 0.017344 0.048188
10 0.378570 0.073615 0.055016 0.112479
2 0.749305 0.419927 0.036359 0.075687
2 0.728055 0.417135 0.012078 0.034021
2 0.081203 0.472750 0.017719 0.099417
3 0.127664 0.388677 0.023141 0.043188
8 0.240148 0.324135 0.136703 0.184729
1 0.509266 0.377354 0.032031 0.092417
3 0.769000 0.395688 0.036281 0.051292
3 0.605445 0.394208 0.099828 0.080750
3 0.115828 0.387656 0.014625 0.041229
