44 0.088539 0.846557 0.034203 0.093255
44 0.059078 0.860656 0.031313 0.093864
44 0.527094 0.552693 0.020094 0.054286
63 0.745383 0.736557 0.308484 0.483888
62 0.091148 0.602061 0.182297 0.318033
63 0.094180 0.602237 0.183422 0.320960
47 0.202297 0.873138 0.041375 0.079578
50 0.229875 0.921265 0.094531 0.010773
52 0.140641 0.834262 0.079031 0.037002
53 0.106703 0.867365 0.020688 0.037307
17 0.770367 0.524555 0.056578 0.070187
27 0.423297 0.730246 0.077938 0.117213
49 0.247656 0.921323 0.063719 0.006721
55 0.127719 0.873946 0.037344 0.058759
63 0.246742 0.885785 0.493484 0.228431
65 0.968313 0.578513 0.063375 0.194215
67 0.157852 0.925527 0.315703 0.146885
44 0.128492 0.951089 0.037766 0.097822
62 0.360352 0.607904 0.126734 0.258852
