82 0.500000 0.495660 1.000000 0.986520
44 0.924385 0.308450 0.151230 0.312380
44 0.528182 0.706230 0.097380 0.199980
44 0.439893 0.700320 0.088824 0.241320
44 0.733770 0.841740 0.083476 0.162160
44 0.656578 0.849440 0.076203 0.143920
44 0.330134 0.726790 0.095455 0.188540
44 0.897380 0.847500 0.138396 0.299400
44 0.857139 0.313380 0.108610 0.253760
44 0.139251 0.723710 0.093904 0.182980
44 0.233142 0.727050 0.095321 0.179180
44 0.934412 0.878910 0.131176 0.242180
44 0.168422 0.188310 0.211818 0.148060
44 0.720548 0.695340 0.109866 0.227840
