77 0.849203 0.627700 0.015156 0.011737
77 0.847594 0.614014 0.015844 0.013474
41 0.851055 0.873486 0.068359 0.043075
73 0.279742 0.647430 0.062391 0.073169
33 0.298414 0.849437 0.127141 0.098873
1 0.516383 0.519061 0.232828 0.710751
1 0.676523 0.655904 0.098984 0.416831
1 0.057836 0.669202 0.099203 0.474460
1 0.315820 0.643592 0.083484 0.329531
1 0.245852 0.759695 0.101016 0.175634
1 0.574133 0.696373 0.101109 0.336455
1 0.409695 0.670786 0.068297 0.312793
1 0.949781 0.717277 0.049125 0.222300
1 0.016547 0.636174 0.033094 0.290798
1 0.770414 0.782512 0.021672 0.078873
41 0.479445 0.896984 0.100328 0.068333
41 0.959094 0.684026 0.023813 0.095376
62 0.337664 0.754014 0.071859 0.118263
1 0.855633 0.623380 0.145109 0.470329
1 0.196461 0.589660 0.028609 0.084296
1 0.241320 0.551092 0.098797 0.292840
