3 0.754469 0.386616 0.099500 0.081335
3 0.829258 0.357963 0.072234 0.042576
3 0.978969 0.402881 0.042063 0.060984
3 0.315781 0.366042 0.055969 0.051616
3 0.268609 0.359918 0.044812 0.049766
8 0.387281 0.363618 0.091438 0.069625
1 0.597781 0.519239 0.180594 0.541382
1 0.852508 0.483220 0.090016 0.284286
1 0.114633 0.456721 0.107203 0.316815
34 0.386477 0.307108 0.059109 0.034918
3 0.827578 0.400281 0.060156 0.054098
3 0.916539 0.359696 0.076859 0.046604
3 0.696750 0.392155 0.039844 0.058548
3 0.919430 0.400246 0.075109 0.073091
3 0.696031 0.351311 0.036031 0.023888
3 0.451813 0.374016 0.042688 0.054403
3 0.553836 0.344543 0.046297 0.023138
