3 0.342891 0.340471 0.172344 0.098601
3 0.548570 0.137226 0.066172 0.027735
9 0.166281 0.687646 0.327031 0.319109
9 0.894953 0.617659 0.210094 0.344529
9 0.561195 0.291921 0.285672 0.215191
1 0.458820 0.777532 0.073141 0.368550
1 0.361336 0.842799 0.063797 0.214911
1 0.316898 0.835369 0.060578 0.154860
1 0.243562 0.830687 0.075187 0.218321
9 0.443641 0.406743 0.291156 0.390992
9 0.171586 0.513435 0.177797 0.075471
9 0.046430 0.385636 0.092859 0.136819
9 0.348523 0.287964 0.189016 0.088499
3 0.834836 0.270445 0.074859 0.035903
9 0.182656 0.450700 0.214406 0.078397
