4 0.258180 0.829010 0.282734 0.246062
6 0.499437 0.555167 0.998875 0.582958
1 0.262914 0.747083 0.114672 0.287250
1 0.243602 0.372698 0.052047 0.076938
1 0.217391 0.382906 0.039313 0.071771
1 0.388773 0.355937 0.052922 0.072792
1 0.489617 0.390531 0.036578 0.047771
1 0.482992 0.358667 0.061766 0.073542
1 0.443250 0.367396 0.023844 0.056375
1 0.606914 0.405365 0.037047 0.044312
1 0.567016 0.395698 0.035656 0.049479
19 0.452023 0.717354 0.097047 0.170333
1 0.524227 0.409500 0.020703 0.018083
1 0.326664 0.378854 0.017734 0.012083
1 0.098883 0.367948 0.031484 0.060438
1 0.059125 0.373792 0.034063 0.055833
