64 0.119937 0.293524 0.233469 0.587048
64 0.646594 0.415915 0.134094 0.151236
44 0.477484 0.098066 0.028250 0.049954
44 0.304430 0.199268 0.011766 0.043112
44 0.317234 0.201362 0.010750 0.046476
63 0.859375 0.602998 0.276938 0.768238
84 0.300617 0.124245 0.018922 0.063822
84 0.422703 0.151270 0.003750 0.051327
84 0.287586 0.119336 0.007484 0.057757
86 0.478141 0.097243 0.027531 0.050412
8 0.479914 0.426259 0.068047 0.072517
84 0.263953 0.113593 0.043719 0.064027
84 0.426070 0.147254 0.010516 0.059634
84 0.444445 0.156613 0.006828 0.048513
84 0.521227 0.173753 0.005359 0.051442
44 0.393734 0.072803 0.028781 0.049588
44 0.290438 0.200938 0.011969 0.033776
64 0.966445 0.115103 0.067109 0.092494
84 0.515633 0.170011 0.006953 0.051098
3 0.519945 0.243627 0.043453 0.022403
