52 0.385281 0.433732 0.068906 0.421174
52 0.425219 0.434120 0.076750 0.350587
52 0.660148 0.524707 0.164453 0.112934
53 0.150898 0.419366 0.255734 0.291878
55 0.114539 0.499108 0.074203 0.091549
55 0.049992 0.550786 0.063953 0.110822
55 0.117539 0.573486 0.077047 0.078005
55 0.023914 0.478369 0.047516 0.089413
55 0.023398 0.541596 0.046484 0.099390
47 0.611656 0.663286 0.122938 0.319812
51 0.386492 0.490927 0.215141 0.272793
51 0.142102 0.594390 0.275234 0.132582
52 0.432281 0.380904 0.086750 0.339319
55 0.162289 0.570786 0.049359 0.080915
55 0.141078 0.472911 0.083531 0.102300
47 0.550383 0.286502 0.136797 0.514319
44 0.685508 0.310387 0.178078 0.464953
