1 0.227094 0.685529 0.031219 0.133035
1 0.651547 0.660282 0.025844 0.082871
1 0.616203 0.656529 0.017938 0.108118
1 0.759070 0.657600 0.019641 0.105176
1 0.801797 0.647671 0.022406 0.096282
1 0.823898 0.658906 0.035109 0.143365
10 0.417836 0.802247 0.173109 0.242706
1 0.661531 0.634906 0.013750 0.058847
10 0.806633 0.264800 0.029141 0.083906
1 0.625320 0.620671 0.007422 0.043976
1 0.285250 0.654129 0.016719 0.076165
10 0.759102 0.541847 0.017422 0.065435
1 0.634813 0.621576 0.013344 0.053976
10 0.781992 0.538094 0.023766 0.057976
10 0.568016 0.563412 0.016594 0.038353
10 0.418797 0.386694 0.150063 0.594800
