62 0.903016 0.833560 0.191062 0.310960
62 0.607078 0.176803 0.105187 0.202693
62 0.389844 0.165504 0.156781 0.146885
62 0.049070 0.592190 0.097922 0.247611
1 0.819023 0.419169 0.351547 0.668173
59 0.414734 0.842342 0.162281 0.128384
59 0.701477 0.449040 0.056172 0.059578
73 0.289266 0.417787 0.181812 0.324333
73 0.650789 0.503384 0.249078 0.233747
74 0.172875 0.699461 0.089219 0.069274
76 0.146008 0.547611 0.085547 0.205621
76 0.233219 0.389274 0.129750 0.065667
59 0.449922 0.411874 0.101000 0.063091
59 0.657312 0.454649 0.055469 0.041101
62 0.026984 0.848314 0.053969 0.280890
64 0.392109 0.201253 0.153906 0.156604
67 0.433297 0.617002 0.836594 0.743841
76 0.689430 0.555878 0.097859 0.108431
76 0.310891 0.489485 0.092844 0.096909
62 0.691328 0.274215 0.077844 0.208150
63 0.844750 0.332447 0.310500 0.400211
31 0.056680 0.483536 0.113359 0.173443
