37 0.673064 0.311547 0.103800 0.061156
1 0.540974 0.389641 0.657387 0.700437
39 0.503587 0.298781 0.551639 0.115937
1 0.338812 0.022742 0.044371 0.044141
1 0.270701 0.042344 0.049050 0.079375
1 0.187126 0.045352 0.067696 0.087922
1 0.029311 0.074078 0.058622 0.035219
1 0.566449 0.004820 0.038599 0.009484
40 0.168919 0.036687 0.022922 0.022781
40 0.085594 0.032773 0.018409 0.017672
40 0.285677 0.014086 0.024561 0.021609
1 0.410202 0.020820 0.008907 0.036672
1 0.429454 0.020156 0.035914 0.040313
40 0.235701 0.566180 0.115819 0.040891
1 0.113824 0.044758 0.066603 0.088078
