82 0.917992 0.481156 0.145578 0.399104
67 0.659680 0.792866 0.680641 0.248892
1 0.155180 0.459693 0.049141 0.168113
13 0.017414 0.478101 0.032641 0.047948
44 0.885414 0.384752 0.010734 0.041675
44 0.946461 0.437524 0.012609 0.042547
44 0.889219 0.434976 0.007062 0.041038
62 0.480328 0.852748 0.260094 0.267146
62 0.703891 0.896097 0.214656 0.200495
62 0.737703 0.704658 0.138281 0.114599
62 0.819766 0.603762 0.099594 0.071108
62 0.953328 0.626958 0.093344 0.080896
62 0.930664 0.749399 0.138672 0.116061
62 0.565672 0.593208 0.027875 0.060660
62 0.806164 0.701120 0.126547 0.139316
62 0.664320 0.668007 0.098266 0.123608
67 0.303711 0.884835 0.607422 0.213491
67 0.839383 0.650425 0.320109 0.086132
85 0.126555 0.185307 0.034391 0.056840
86 0.508922 0.393526 0.021438 0.078325
44 0.962094 0.384540 0.007750 0.029552
44 0.526219 0.404127 0.010750 0.050094
44 0.953422 0.550979 0.009938 0.033184
62 0.573680 0.662288 0.111609 0.100519
82 0.493594 0.538632 0.198656 0.235708
44 0.580219 0.562229 0.008406 0.051439
44 0.961898 0.499127 0.010766 0.035000
44 0.869391 0.534092 0.009906 0.039835
44 0.897859 0.492335 0.010437 0.033113
44 0.875477 0.493160 0.009141 0.031698
44 0.866391 0.384163 0.009656 0.038137
44 0.896070 0.382960 0.009141 0.039505
61 0.425773 0.381038 0.020109 0.014104
61 0.484555 0.382500 0.011047 0.013255
1 0.240930 0.394422 0.035922 0.110495
1 0.726758 0.497535 0.122922 0.251439
62 0.287477 0.774894 0.154922 0.201863
