77 0.195844 0.958820 0.096812 0.057828
77 0.323365 0.800984 0.081187 0.020188
77 0.817823 0.941094 0.100229 0.033406
67 0.507865 0.755055 0.782021 0.467422
47 0.738729 0.832547 0.073750 0.123188
47 0.517302 0.553508 0.020729 0.040141
47 0.556604 0.564234 0.021750 0.026438
51 0.687062 0.946586 0.070708 0.047859
51 0.646635 0.692711 0.090604 0.036141
51 0.586438 0.690203 0.040667 0.029313
51 0.728781 0.809078 0.112854 0.052656
51 0.526323 0.640008 0.032479 0.016828
1 0.931240 0.835078 0.137521 0.329844
1 0.888885 0.794117 0.153229 0.328797
1 0.242938 0.561984 0.124792 0.136656
1 0.732990 0.669109 0.153604 0.260125
1 0.622979 0.595805 0.096083 0.163172
1 0.619958 0.475352 0.053292 0.084234
1 0.544167 0.507234 0.062917 0.079375
1 0.428260 0.465797 0.095521 0.129719
1 0.302562 0.441219 0.041833 0.030281
1 0.097375 0.761797 0.194750 0.449437
1 0.227969 0.642383 0.232437 0.293391
77 0.583625 0.625078 0.037542 0.010562
77 0.616125 0.654938 0.043583 0.010094
77 0.312323 0.677375 0.045812 0.013688
77 0.290990 0.668680 0.018729 0.011078
47 0.419958 0.523242 0.016917 0.022391
47 0.407490 0.566320 0.013979 0.020016
47 0.442698 0.602297 0.028896 0.020000
51 0.436385 0.827633 0.042063 0.038047
51 0.657208 0.812961 0.050583 0.034359
51 0.551792 0.588375 0.058583 0.022937
51 0.334740 0.622016 0.055771 0.026594
77 0.504479 0.506891 0.016458 0.005594
1 0.103542 0.500414 0.207083 0.210109
1 0.590750 0.534156 0.067250 0.105500
47 0.360521 0.632680 0.024750 0.027672
