28 0.766734 0.283167 0.123750 0.069083
28 0.670687 0.333719 0.109969 0.055521
28 0.818078 0.357969 0.089063 0.055229
28 0.813633 0.608938 0.103672 0.034792
28 0.940609 0.803094 0.118781 0.088979
28 0.817437 0.807073 0.152188 0.117563
28 0.671266 0.773458 0.162750 0.066500
28 0.573563 0.767729 0.134656 0.065875
88 0.341508 0.683688 0.427828 0.632625
1 0.903008 0.844573 0.024391 0.031729
1 0.927078 0.845281 0.023125 0.033396
1 0.954148 0.880948 0.025203 0.101146
1 0.721242 0.912500 0.025328 0.083750
28 0.136656 0.722219 0.054219 0.017437
1 0.681242 0.863094 0.020016 0.080396
1 0.657359 0.843979 0.015969 0.033625
1 0.663695 0.395323 0.014672 0.053021
1 0.684773 0.394240 0.012359 0.056271
1 0.763656 0.328604 0.009000 0.021583
1 0.792977 0.356115 0.016641 0.050604
1 0.867875 0.888896 0.034063 0.108333
1 0.802156 0.841281 0.016281 0.039646
1 0.732352 0.837156 0.013984 0.023854
