35 0.460630 0.872248 0.708900 0.073545
1 0.508460 0.482032 0.149200 0.465159
1 0.674270 0.498271 0.062700 0.280000
1 0.029630 0.424726 0.053020 0.170778
1 0.859720 0.519049 0.098040 0.360980
1 0.328570 0.494856 0.047140 0.183026
1 0.319730 0.465303 0.055540 0.200692
1 0.260870 0.473314 0.053100 0.192392
1 0.393330 0.498761 0.046780 0.208818
1 0.577400 0.492421 0.043000 0.310951
1 0.351680 0.479265 0.059040 0.193516
1 0.431760 0.493631 0.060960 0.262882
35 0.809770 0.679496 0.213140 0.045850
35 0.678710 0.635317 0.069820 0.016801
35 0.414340 0.614611 0.079040 0.033141
35 0.336280 0.580231 0.046040 0.015216
35 0.550110 0.646196 0.171580 0.048646
35 0.051220 0.513790 0.083880 0.007867
