4 0.632867 0.495510 0.662359 0.986521
31 0.089023 0.187990 0.043016 0.140687
4 0.795859 0.189240 0.269219 0.119896
1 0.109148 0.081969 0.052297 0.153562
1 0.074727 0.195198 0.087891 0.290854
1 0.746234 0.089979 0.056031 0.137708
1 0.328805 0.143760 0.112297 0.242646
1 0.171422 0.179979 0.129969 0.287625
1 0.252414 0.162948 0.068484 0.242396
1 0.710836 0.084958 0.043766 0.113083
1 0.022094 0.207406 0.044188 0.319979
1 0.396352 0.177896 0.034703 0.120167
1 0.197148 0.138344 0.079578 0.226354
3 0.915703 0.092354 0.168594 0.178125
8 0.558297 0.117208 0.199969 0.176917
