32 0.509000 0.392500 0.072720 0.289640
1 0.525840 0.513920 0.422453 0.912360
1 0.174893 0.597530 0.349787 0.782500
47 0.150533 0.526400 0.064907 0.114600
1 0.790480 0.428910 0.076907 0.109740
1 0.931320 0.466220 0.136560 0.211320
1 0.744413 0.501790 0.178213 0.167380
47 0.806307 0.512560 0.028400 0.045280
47 0.481453 0.450720 0.061787 0.061520
62 0.750200 0.676420 0.338107 0.202120
64 0.954347 0.684810 0.091307 0.121460
1 0.883320 0.446550 0.121680 0.168060
32 0.962453 0.434970 0.006027 0.018380
47 0.973800 0.559870 0.038640 0.034780
47 0.894080 0.481090 0.027787 0.056540
