44 0.444062 0.686803 0.015969 0.069344
49 0.558602 0.960621 0.090016 0.078759
61 0.348398 0.669496 0.098047 0.065269
1 0.194156 0.662237 0.250375 0.647190
1 0.829109 0.474157 0.284875 0.534824
1 0.330703 0.472307 0.158781 0.337822
1 0.257375 0.460246 0.119938 0.361803
1 0.603133 0.543372 0.124797 0.298782
1 0.535969 0.533583 0.093250 0.254145
1 0.708313 0.501417 0.096937 0.361756
1 0.096227 0.619333 0.105297 0.609672
1 0.485633 0.442553 0.208703 0.400281
48 0.278172 0.732681 0.029563 0.027658
48 0.292109 0.725562 0.045000 0.021710
49 0.703555 0.636159 0.021297 0.061311
51 0.524305 0.683970 0.052453 0.049110
78 0.028813 0.512670 0.057625 0.101639
79 0.220383 0.346358 0.131516 0.096885
1 0.150758 0.445960 0.030141 0.104145
1 0.400219 0.377447 0.095281 0.328056
48 0.267953 0.734403 0.026156 0.021874
48 0.259258 0.739649 0.020578 0.025480
48 0.285172 0.727494 0.036469 0.025293
