18 0.173523 0.417465 0.028984 0.034089
20 0.732297 0.497897 0.046875 0.063925
20 0.637047 0.540164 0.056750 0.052897
20 0.120695 0.677266 0.104547 0.065140
20 0.207797 0.572523 0.083406 0.073131
20 0.059227 0.578750 0.095891 0.083248
20 0.095742 0.558516 0.055672 0.076986
20 0.146023 0.539194 0.062391 0.048388
20 0.114562 0.512021 0.044406 0.028949
20 0.126242 0.492710 0.071109 0.052150
20 0.065125 0.412430 0.062594 0.058037
20 0.087477 0.559346 0.043828 0.050561
20 0.043922 0.489381 0.054781 0.031799
20 0.479867 0.469848 0.057203 0.030070
20 0.110656 0.739825 0.108281 0.090444
20 0.508563 0.576857 0.062406 0.072547
20 0.449648 0.557383 0.058047 0.059813
20 0.250031 0.503820 0.044281 0.039276
20 0.248188 0.537909 0.057594 0.037453
20 0.265227 0.455526 0.036922 0.046565
1 0.863648 0.524217 0.035672 0.161565
