41 0.739547 0.723548 0.095312 0.092576
41 0.495320 0.117377 0.021984 0.027869
1 0.629703 0.465913 0.281875 0.564052
1 0.495719 0.079192 0.033594 0.103911
1 0.564539 0.083361 0.019047 0.061382
1 0.746227 0.097131 0.028703 0.080117
1 0.788555 0.106347 0.023328 0.058407
1 0.822984 0.107412 0.020469 0.057400
1 0.406625 0.089040 0.021625 0.026276
1 0.397023 0.054684 0.011141 0.051007
1 0.155430 0.046194 0.022609 0.068689
1 0.766805 0.106300 0.022141 0.068384
41 0.759203 0.138888 0.018969 0.008689
1 0.066687 0.062834 0.013437 0.022295
1 0.651203 0.078888 0.026687 0.059321
1 0.419891 0.090012 0.013000 0.027283
