1 0.336438 0.192125 0.007437 0.034042
1 0.240711 0.194406 0.007141 0.030687
1 0.184039 0.192698 0.012453 0.040438
1 0.371844 0.193542 0.017906 0.031750
1 0.390484 0.186281 0.010812 0.043521
1 0.401086 0.187333 0.009453 0.038958
1 0.883398 0.151365 0.013766 0.025937
9 0.697992 0.504698 0.258391 0.140938
9 0.297469 0.843823 0.594938 0.289896
9 0.639359 0.323615 0.315281 0.115646
9 0.545367 0.318917 0.207641 0.063250
9 0.409625 0.290542 0.133438 0.047292
9 0.254406 0.273031 0.159000 0.048646
1 0.244375 0.188833 0.006281 0.041958
1 0.424281 0.187344 0.010312 0.038771
1 0.411578 0.193323 0.012031 0.025896
3 0.918187 0.153781 0.084375 0.026521
1 0.232023 0.199667 0.007172 0.021083
1 0.891477 0.149115 0.008047 0.018188
1 0.397984 0.242594 0.016500 0.017729
9 0.214180 0.255344 0.079641 0.035896
9 0.147734 0.250729 0.055344 0.032375
9 0.821063 0.427969 0.357875 0.096188
9 0.971188 0.236479 0.057625 0.078000
9 0.329297 0.222000 0.059781 0.036792
9 0.390117 0.257990 0.201016 0.041229
9 0.847477 0.364021 0.300422 0.061167
