39 0.447508 0.092642 0.242672 0.048383
40 0.211656 0.621105 0.090500 0.097062
1 0.597703 0.509169 0.501781 0.906036
1 0.125625 0.600000 0.251250 0.521367
1 0.229656 0.375968 0.051469 0.099590
1 0.099828 0.301367 0.059281 0.087699
1 0.112859 0.302642 0.121406 0.192483
1 0.281367 0.380501 0.061766 0.094123
1 0.364039 0.374704 0.067734 0.095513
1 0.407094 0.340683 0.072719 0.161503
1 0.850875 0.471913 0.123313 0.301139
1 0.063133 0.365547 0.064359 0.128269
1 0.956789 0.482426 0.085203 0.270957
1 0.713273 0.348223 0.080578 0.152301
15 0.923367 0.512950 0.058516 0.046856
37 0.161695 0.655399 0.030234 0.036036
