1 0.523352 0.571179 0.052078 0.211397
1 0.728375 0.560786 0.130312 0.469258
1 0.481445 0.568646 0.042203 0.220087
1 0.073398 0.709858 0.118453 0.462817
1 0.587883 0.572085 0.039359 0.197838
1 0.595297 0.465830 0.023187 0.030917
1 0.624359 0.568166 0.038000 0.190611
41 0.133203 0.873941 0.200937 0.167314
41 0.778500 0.675677 0.053375 0.203843
27 0.627977 0.536769 0.027578 0.072576
1 0.489156 0.478395 0.022156 0.077576
1 0.937633 0.538952 0.093797 0.282664
27 0.536031 0.532271 0.185156 0.096463
31 0.615133 0.558024 0.025797 0.038319
