33 0.424289 0.592141 0.173484 0.613473
33 0.622648 0.696632 0.223234 0.552794
33 0.163391 0.387350 0.090094 0.447755
33 0.718703 0.305470 0.120656 0.293446
33 0.821453 0.606175 0.099875 0.407076
33 0.935352 0.550666 0.129297 0.612611
33 0.179258 0.692572 0.358516 0.594595
33 0.198352 0.343825 0.141203 0.152820
33 0.737437 0.476514 0.077219 0.125039
33 0.300086 0.319413 0.081172 0.180392
33 0.303414 0.566828 0.081859 0.342585
33 0.636258 0.375875 0.091047 0.123133
33 0.517336 0.356919 0.099266 0.272742
