85 0.086789 0.328708 0.048609 0.126000
62 0.763539 0.130781 0.076953 0.016896
62 0.726594 0.102573 0.065187 0.071687
1 0.533344 0.479802 0.174125 0.659562
1 0.583109 0.078510 0.082375 0.118146
1 0.788430 0.071448 0.078953 0.136396
1 0.894945 0.176406 0.138203 0.123604
43 0.461016 0.265531 0.070187 0.240188
1 0.871844 0.038562 0.088094 0.076792
62 0.677898 0.127948 0.070672 0.012896
62 0.972641 0.101323 0.054719 0.051854
62 0.904617 0.101000 0.079234 0.055750
62 0.707664 0.056250 0.070141 0.088500
62 0.946469 0.137396 0.053250 0.010958
62 0.846852 0.132365 0.071734 0.014854
62 0.679133 0.094448 0.032328 0.056021
1 0.553484 0.060375 0.130781 0.120750
1 0.640711 0.067302 0.064641 0.134604
1 0.944445 0.037042 0.111109 0.074083
85 0.158102 0.294562 0.078984 0.093000
85 0.883969 0.232469 0.008344 0.012271
1 0.022852 0.383281 0.043797 0.288146
1 0.751461 0.033667 0.032859 0.066500
62 0.683891 0.016479 0.044938 0.020417
62 0.971172 0.134979 0.057656 0.015667
