1 0.441320 0.580280 0.020920 0.054040
1 0.408700 0.582140 0.014760 0.052400
1 0.386550 0.580880 0.027340 0.055200
41 0.528530 0.796020 0.058460 0.083640
1 0.494530 0.585760 0.031100 0.043160
15 0.779390 0.679480 0.112700 0.122080
15 0.564540 0.608240 0.020920 0.038000
41 0.660930 0.831330 0.050700 0.036980
1 0.363720 0.565820 0.010120 0.021960
1 0.426570 0.569140 0.010060 0.025640
1 0.324650 0.568570 0.005860 0.017700
1 0.685560 0.664840 0.129000 0.364720
1 0.333230 0.567220 0.007540 0.016160
1 0.560880 0.711140 0.126960 0.256480
1 0.451290 0.575650 0.015260 0.053580
