1 0.118727 0.372438 0.063109 0.292607
1 0.134258 0.306146 0.052141 0.139528
1 0.135367 0.439270 0.034859 0.187258
1 0.537500 0.506742 0.568750 0.968539
1 0.859375 0.643124 0.156250 0.685393
1 0.216828 0.378517 0.054688 0.287011
1 0.922148 0.331843 0.107578 0.295955
1 0.691328 0.244539 0.040375 0.047101
1 0.640273 0.411607 0.112547 0.350719
1 0.784000 0.400360 0.068000 0.332719
1 0.857758 0.308787 0.062172 0.140090
1 0.834281 0.269921 0.062594 0.115438
28 0.204242 0.824326 0.147984 0.351348
32 0.901484 0.265910 0.009219 0.020270
32 0.701883 0.396146 0.037859 0.090764
64 0.965156 0.512438 0.060125 0.115528
28 0.093008 0.861034 0.088484 0.246742
1 0.733359 0.422360 0.109281 0.370831
32 0.122383 0.275787 0.018359 0.014854
