72 0.218031 0.252937 0.209229 0.145625
62 0.572937 0.488906 0.169000 0.133281
62 0.645115 0.833508 0.422396 0.302797
62 0.235125 0.705984 0.418625 0.301063
63 0.805063 0.437234 0.382583 0.191250
63 0.942000 0.650906 0.113583 0.265844
67 0.417260 0.781305 0.828229 0.437391
47 0.055146 0.839992 0.110292 0.230797
51 0.133823 0.776758 0.214771 0.152328
17 0.425594 0.497148 0.153688 0.071672
53 0.157083 0.781133 0.063792 0.035078
55 0.116615 0.796609 0.054104 0.013187
73 0.897896 0.444500 0.108417 0.061313
73 0.863458 0.493461 0.103833 0.036766
