85 0.837609 0.096183 0.028125 0.040984
1 0.428219 0.462693 0.146187 0.257096
1 0.158172 0.646066 0.082469 0.370773
1 0.127742 0.624824 0.057266 0.412084
1 0.389203 0.675105 0.039156 0.118126
1 0.066734 0.649098 0.072281 0.363068
1 0.018031 0.640773 0.036062 0.364871
1 0.704250 0.696522 0.098344 0.333326
1 0.770492 0.656546 0.046516 0.184379
1 0.502648 0.668911 0.046578 0.141897
41 0.418844 0.578009 0.090781 0.095738
1 0.283117 0.679660 0.021922 0.054215
1 0.336234 0.670984 0.032188 0.068993
85 0.774719 0.104251 0.008781 0.040679
1 0.817500 0.761932 0.082469 0.153700
1 0.644797 0.703735 0.038531 0.266628
