3 0.114271 0.696891 0.228542 0.126188
3 0.458417 0.705594 0.155250 0.101750
3 0.260698 0.683844 0.095187 0.060344
8 0.345698 0.648977 0.088771 0.079891
10 0.512448 0.481039 0.023938 0.029484
10 0.306677 0.585516 0.012729 0.017969
10 0.402604 0.576672 0.012000 0.018156
10 0.168427 0.583156 0.011021 0.017125
11 0.652656 0.702172 0.025646 0.033844
3 0.033031 0.786039 0.060062 0.146391
3 0.386604 0.692164 0.054917 0.066422
10 0.408000 0.642711 0.005417 0.007328
8 0.114885 0.700172 0.223562 0.120375
10 0.229542 0.585148 0.011542 0.017547
10 0.428833 0.643992 0.005000 0.008516
10 0.459625 0.646523 0.005958 0.008953
10 0.317281 0.579156 0.008313 0.005719
