1 0.098323 0.377805 0.196646 0.380547
1 0.191354 0.061250 0.077208 0.117562
1 0.496354 0.251383 0.050875 0.044984
1 0.855260 0.277289 0.069687 0.049047
1 0.338490 0.064719 0.043021 0.122625
1 0.378969 0.076133 0.071146 0.117359
1 0.767510 0.272758 0.049521 0.043984
1 0.510750 0.103500 0.042625 0.065187
1 0.268417 0.233297 0.071583 0.042688
1 0.685937 0.106344 0.047542 0.104219
1 0.953479 0.289055 0.052125 0.033984
1 0.919875 0.274414 0.031458 0.062922
35 0.100000 0.583875 0.200000 0.042469
35 0.101469 0.580187 0.202937 0.032969
1 0.900573 0.210961 0.043937 0.087859
