1 0.591000 0.342667 0.230000 0.621333
1 0.380055 0.411240 0.237641 0.817979
1 0.209563 0.459896 0.198531 0.917125
1 0.816758 0.300979 0.197891 0.534417
1 0.054055 0.385135 0.104734 0.756771
59 0.556180 0.866292 0.286516 0.217958
59 0.777797 0.748333 0.247969 0.160125
59 0.895844 0.647771 0.208312 0.125833
59 0.308125 0.947510 0.328437 0.081271
1 0.430844 0.106281 0.120031 0.210812
1 0.112078 0.426969 0.136531 0.853938
62 0.657797 0.625562 0.177469 0.144125
62 0.798664 0.553323 0.116953 0.099354
62 0.455398 0.723677 0.233203 0.177854
82 0.674820 0.119615 0.301516 0.237146
