17 0.602906 0.401758 0.192854 0.258109
44 0.073271 0.446633 0.040333 0.105578
44 0.164823 0.530563 0.049854 0.046156
1 0.455906 0.538117 0.481312 0.659203
64 0.106344 0.378070 0.212521 0.222641
82 0.872354 0.536992 0.255000 0.624172
85 0.277760 0.369203 0.071563 0.054594
50 0.141448 0.547562 0.073438 0.022219
51 0.181677 0.468469 0.099104 0.042781
55 0.178010 0.415961 0.050813 0.030891
55 0.238333 0.476250 0.051833 0.033625
55 0.224469 0.437469 0.027729 0.023906
55 0.258219 0.468633 0.045771 0.032047
79 0.734021 0.919633 0.262875 0.160734
81 0.135073 0.539750 0.270146 0.091844
31 0.346854 0.788766 0.145875 0.184500
55 0.199594 0.442820 0.049396 0.030234
55 0.151333 0.438711 0.051625 0.034203
55 0.208271 0.420648 0.018958 0.021984
