1 0.842700 0.742213 0.105640 0.366827
1 0.337450 0.686907 0.081100 0.253760
1 0.151690 0.647200 0.053940 0.233707
43 0.777730 0.696587 0.039660 0.063093
43 0.370230 0.571440 0.054300 0.047200
43 0.165540 0.609000 0.062080 0.039280
37 0.286440 0.862133 0.013680 0.016107
37 0.598290 0.833493 0.011740 0.013653
37 0.929200 0.810493 0.010960 0.013893
37 0.048930 0.837800 0.010700 0.014480
37 0.587110 0.709813 0.008140 0.010027
37 0.641140 0.710107 0.009640 0.010240
37 0.453210 0.707533 0.008580 0.011813
37 0.298480 0.713760 0.009160 0.010293
37 0.016290 0.730800 0.007660 0.010667
37 0.940170 0.705733 0.010300 0.012800
37 0.714720 0.709640 0.007600 0.008827
37 0.665050 0.700107 0.008660 0.010293
37 0.006480 0.727200 0.008960 0.009973
