72 0.796344 0.465177 0.345500 0.319104
85 0.202937 0.450302 0.045531 0.064729
53 0.294883 0.735771 0.039172 0.066875
53 0.338086 0.711260 0.028203 0.030854
55 0.324977 0.733667 0.034766 0.042792
84 0.286922 0.837635 0.149188 0.069437
84 0.284438 0.347719 0.066125 0.083104
84 0.236727 0.353052 0.066391 0.021104
51 0.315586 0.767510 0.091109 0.087521
63 0.157117 0.927573 0.201016 0.144854
84 0.233266 0.364552 0.063875 0.016188
84 0.234563 0.382021 0.068875 0.036208
44 0.941289 0.654854 0.016234 0.058542
1 0.270828 0.610667 0.020438 0.087750
51 0.206492 0.249250 0.056953 0.051875
