44 0.465052 0.168734 0.345479 0.337406
50 0.216719 0.826836 0.433438 0.114172
51 0.153958 0.809414 0.307917 0.354266
61 0.635208 0.444945 0.239708 0.103359
49 0.490198 0.085477 0.081062 0.170953
49 0.800823 0.041594 0.116562 0.083187
54 0.632844 0.600750 0.333521 0.231906
54 0.897552 0.730492 0.201604 0.225016
54 0.634292 0.868117 0.325250 0.204578
67 0.503000 0.495508 0.994000 0.982016
44 0.813417 0.163320 0.348208 0.326641
50 0.805198 0.040258 0.100437 0.080516
54 0.614646 0.438656 0.279083 0.147250
54 0.430740 0.665398 0.197146 0.243203
54 0.877271 0.462406 0.245458 0.280438
