20 0.632937 0.556357 0.040719 0.081801
20 0.453437 0.561205 0.041594 0.097202
20 0.650133 0.519848 0.022141 0.050609
20 0.358266 0.487396 0.027969 0.046039
20 0.388797 0.468352 0.031406 0.032493
20 0.704883 0.519114 0.018984 0.043823
20 0.731508 0.413629 0.015547 0.016454
20 0.876242 0.564155 0.067859 0.088920
20 0.779703 0.417147 0.022344 0.015623
20 0.709688 0.416039 0.010219 0.020831
20 0.759281 0.412535 0.007844 0.011773
20 0.644367 0.431440 0.014953 0.036953
20 0.562820 0.440928 0.017859 0.012438
