46 0.639521 0.782102 0.197875 0.383547
46 0.819469 0.756922 0.182771 0.400000
46 0.957396 0.679242 0.085208 0.311953
46 0.138219 0.836688 0.273979 0.325594
49 0.381385 0.823891 0.071063 0.155875
1 0.452427 0.478648 0.814979 0.566297
46 0.802615 0.465305 0.026146 0.052297
46 0.777094 0.463375 0.022229 0.062187
46 0.740563 0.464023 0.019208 0.037797
46 0.724646 0.468422 0.025208 0.041188
46 0.708458 0.470523 0.013667 0.034453
47 0.518354 0.746070 0.107875 0.265172
48 0.433521 0.798070 0.046583 0.096484
62 0.752208 0.585047 0.100667 0.154656
62 0.890906 0.601570 0.128771 0.207328
62 0.294281 0.421812 0.219688 0.127562
67 0.775021 0.509859 0.201667 0.065469
67 0.583115 0.858445 0.833771 0.257141
