62 0.171773 0.532260 0.340328 0.230104
62 0.974766 0.432667 0.050469 0.035542
67 0.430148 0.810865 0.781766 0.378271
1 0.551961 0.497063 0.783703 0.928083
1 0.229359 0.445094 0.192344 0.371979
1 0.338562 0.350802 0.096469 0.219562
1 0.519648 0.347917 0.092234 0.166625
1 0.522695 0.264375 0.106828 0.284875
32 0.591930 0.592156 0.168172 0.423771
48 0.253328 0.726625 0.043344 0.051250
49 0.117508 0.731594 0.145984 0.065521
50 0.090906 0.679771 0.157000 0.028375
51 0.046320 0.864646 0.092641 0.136667
47 0.362984 0.438854 0.028063 0.060667
47 0.424172 0.451104 0.034594 0.066083
47 0.467625 0.448344 0.028063 0.060646
47 0.445891 0.457510 0.022031 0.053646
62 0.943453 0.414458 0.037250 0.020208
67 0.402703 0.463594 0.185375 0.112937
67 0.975242 0.456979 0.049172 0.021708
67 0.421281 0.416135 0.086219 0.055479
62 0.839953 0.931479 0.164062 0.137042
62 0.945516 0.574146 0.030687 0.116792
64 0.479266 0.242229 0.291719 0.082708
