88 0.392359 0.419193 0.114094 0.451132
88 0.531352 0.340933 0.073922 0.295031
88 0.242820 0.470451 0.058141 0.139057
88 0.191234 0.473438 0.068687 0.202725
88 0.055820 0.515734 0.111641 0.244340
88 0.978328 0.539078 0.043344 0.088008
88 0.974906 0.663690 0.050187 0.165870
88 0.858344 0.803543 0.120875 0.133920
88 0.232055 0.853071 0.231672 0.293857
88 0.539305 0.830744 0.186859 0.338512
88 0.065281 0.651331 0.130562 0.317463
88 0.150023 0.569078 0.110234 0.272579
88 0.037477 0.650283 0.074953 0.142201
