44 0.398961 0.423906 0.040203 0.213065
44 0.487680 0.569482 0.052453 0.280161
44 0.428656 0.584528 0.054844 0.286613
63 0.113687 0.300081 0.199813 0.217350
63 0.537664 0.290933 0.054234 0.174078
67 0.450750 0.692224 0.812156 0.581175
1 0.113531 0.676406 0.220969 0.606728
1 0.208109 0.422477 0.094469 0.177535
1 0.430492 0.283145 0.208766 0.265184
46 0.410641 0.660530 0.068937 0.228479
46 0.577898 0.589205 0.057422 0.216659
46 0.676680 0.388018 0.041391 0.154470
47 0.232992 0.788571 0.073203 0.134332
47 0.500430 0.713825 0.064953 0.122074
47 0.663102 0.507143 0.035641 0.070369
47 0.277687 0.495230 0.048313 0.070737
47 0.371250 0.409873 0.035313 0.066106
48 0.233281 0.670864 0.055219 0.074309
48 0.691961 0.601025 0.076516 0.096106
49 0.467148 0.834343 0.186047 0.017673
49 0.620836 0.648410 0.059672 0.028664
49 0.597281 0.453882 0.022594 0.063479
1 0.820016 0.590207 0.359969 0.810599
1 0.780062 0.454885 0.140156 0.359032
1 0.719766 0.332385 0.237875 0.439009
1 0.246992 0.344320 0.101328 0.272696
51 0.352695 0.582984 0.109578 0.098318
75 0.762758 0.216210 0.048891 0.012926
84 0.122172 0.168537 0.040000 0.007120
85 0.732492 0.446290 0.015359 0.020184
44 0.535109 0.624021 0.043188 0.221820
46 0.553539 0.497039 0.034391 0.067028
47 0.568453 0.389171 0.031688 0.103410
48 0.271242 0.524032 0.016297 0.026959
51 0.487266 0.525046 0.100156 0.123825
72 0.759953 0.248986 0.087500 0.070876
49 0.617188 0.710737 0.075281 0.072535
