21 0.322883 0.943403 0.024891 0.044491
21 0.527844 0.972049 0.051281 0.051366
21 0.619328 0.958970 0.026094 0.035810
21 0.694688 0.959884 0.029250 0.050556
21 0.681109 0.926574 0.028000 0.026065
21 0.661906 0.960602 0.043938 0.050046
21 0.631641 0.941875 0.029937 0.042037
20 0.533578 0.946389 0.035719 0.031806
20 0.579070 0.938461 0.037547 0.044699
20 0.623508 0.959317 0.036141 0.038958
20 0.635109 0.938785 0.038937 0.033588
21 0.611492 0.882581 0.013641 0.024144
8 0.123742 0.794120 0.051328 0.037361
20 0.675570 0.926215 0.037266 0.025347
20 0.694391 0.960023 0.031781 0.050000
20 0.835703 0.926400 0.043719 0.044375
20 0.526914 0.972593 0.055391 0.050741
20 0.443922 0.944861 0.018906 0.044630
20 0.556375 0.931204 0.026125 0.027639
20 0.332930 0.940799 0.034797 0.051551
20 0.483492 0.882708 0.029766 0.030880
21 0.346164 0.911759 0.033922 0.026528
20 0.456148 0.897419 0.030484 0.029792
21 0.338359 0.939896 0.026188 0.044005
21 0.534648 0.943461 0.032922 0.026412
21 0.454773 0.897419 0.023516 0.029560
21 0.456977 0.796794 0.017859 0.026458
