1 0.466187 0.829719 0.012562 0.053489
1 0.621719 0.818630 0.022000 0.088735
1 0.182313 0.839297 0.021563 0.077096
1 0.441078 0.834590 0.014969 0.054660
1 0.433023 0.829731 0.010797 0.058337
1 0.399516 0.830749 0.019406 0.065714
1 0.301352 0.808970 0.006203 0.029508
15 0.969062 0.797319 0.034156 0.028361
38 0.410234 0.320070 0.091406 0.050117
38 0.427234 0.591721 0.029781 0.037869
38 0.578828 0.432494 0.046500 0.040023
27 0.625984 0.809204 0.019844 0.037377
1 0.363953 0.802002 0.007750 0.025738
1 0.339789 0.805386 0.004922 0.009977
38 0.444742 0.457670 0.098141 0.088595
38 0.334516 0.462553 0.103219 0.041030
38 0.400289 0.659391 0.025422 0.045059
38 0.437469 0.630960 0.008625 0.011148
38 0.390016 0.718431 0.166844 0.089649
38 0.374773 0.622155 0.048078 0.038548
38 0.514844 0.393173 0.024688 0.019602
38 0.447984 0.381499 0.030750 0.025761
38 0.650211 0.362681 0.056328 0.021475
42 0.039242 0.907061 0.033609 0.012014
1 0.250859 0.822319 0.008188 0.019625
1 0.416711 0.830738 0.016859 0.063489
1 0.373391 0.809801 0.004219 0.010984
1 0.843242 0.743653 0.008578 0.027822
28 0.700867 0.758056 0.054984 0.061124
28 0.646883 0.765656 0.044484 0.058946
28 0.601859 0.759660 0.047906 0.026534
28 0.454891 0.778665 0.020938 0.008384
38 0.556219 0.269098 0.016594 0.011920
