3 0.834680 0.281124 0.141078 0.158595
3 0.903352 0.239532 0.041047 0.064028
3 0.739195 0.241030 0.091734 0.081171
4 0.499437 0.626897 0.563063 0.576557
1 0.460570 0.567564 0.208859 0.709461
1 0.044477 0.357529 0.077484 0.253747
1 0.094523 0.307939 0.035953 0.203607
1 0.158570 0.288782 0.025797 0.184309
1 0.946875 0.233571 0.025406 0.111920
3 0.673844 0.247014 0.054094 0.070796
10 0.559867 0.076745 0.028234 0.094192
1 0.993266 0.232319 0.013469 0.104543
1 0.070688 0.247787 0.028313 0.096464
1 0.053047 0.226885 0.019437 0.052412
1 0.024367 0.256710 0.041609 0.061756
1 0.138617 0.304813 0.030047 0.177354
6 0.928492 0.196628 0.083328 0.057986
1 0.106984 0.229883 0.017844 0.059110
10 0.833977 0.110457 0.017703 0.053419
10 0.912141 0.108653 0.017844 0.058759
10 0.978211 0.091206 0.015078 0.064145
31 0.068508 0.400281 0.040078 0.062295
31 0.069250 0.249438 0.013875 0.049930
