28 0.941437 0.126250 0.117125 0.230531
54 0.470948 0.551016 0.128229 0.105469
54 0.607771 0.489461 0.129708 0.087516
62 0.102469 0.441570 0.198229 0.167266
1 0.538625 0.278289 0.593667 0.556578
46 0.242083 0.569180 0.130792 0.183922
50 0.045625 0.903664 0.090958 0.159047
50 0.712479 0.573344 0.054333 0.052625
51 0.491146 0.655078 0.121917 0.057625
51 0.426969 0.710547 0.152812 0.047188
67 0.500000 0.758523 1.000000 0.482953
46 0.966958 0.737945 0.066083 0.268234
51 0.910896 0.693148 0.084042 0.085609
51 0.232562 0.566609 0.237833 0.065719
49 0.539781 0.583266 0.060062 0.024719
54 0.317323 0.688617 0.162312 0.106078
56 0.528854 0.808602 0.134167 0.088172
56 0.699854 0.879359 0.134917 0.122875
57 0.398896 0.853437 0.139417 0.122406
