1 0.568414 0.523646 0.329391 0.743250
51 0.279984 0.761208 0.179938 0.141250
51 0.107688 0.895062 0.213094 0.209875
51 0.566016 0.845271 0.158406 0.141625
51 0.894141 0.370188 0.032625 0.039792
50 0.705164 0.265948 0.023359 0.147354
50 0.167102 0.287135 0.035578 0.169646
50 0.208875 0.249854 0.022344 0.125750
51 0.206570 0.637677 0.065734 0.056813
51 0.283773 0.925062 0.167953 0.149875
67 0.372078 0.780521 0.740250 0.407792
86 0.121609 0.688833 0.134594 0.224333
55 0.588242 0.845792 0.050422 0.059167
1 0.946477 0.788365 0.107047 0.400979
