75 0.655617 0.384271 0.235953 0.404500
77 0.685109 0.702240 0.224156 0.119104
77 0.769203 0.466354 0.102594 0.338042
77 0.659836 0.134271 0.234266 0.164042
77 0.085109 0.168542 0.170219 0.188750
77 0.511516 0.664052 0.119656 0.253937
77 0.926383 0.742490 0.147234 0.272104
77 0.340445 0.719104 0.134828 0.296625
77 0.108563 0.566729 0.157094 0.225583
77 0.509742 0.408458 0.142328 0.219417
77 0.205508 0.357167 0.105641 0.315792
77 0.913211 0.936344 0.173578 0.127312
77 0.862898 0.760656 0.133797 0.316812
77 0.660008 0.872479 0.343109 0.191333
