18 0.331469 0.616312 0.554281 0.351833
18 0.630383 0.409490 0.190734 0.191812
18 0.511555 0.811906 0.293484 0.201604
64 0.488844 0.214656 0.135094 0.429312
51 0.890461 0.213458 0.045953 0.043542
51 0.856180 0.206854 0.033203 0.034875
84 0.573992 0.227479 0.009859 0.073083
84 0.582555 0.226083 0.008891 0.071167
84 0.643813 0.214010 0.010531 0.074146
84 0.556758 0.125229 0.007984 0.082167
84 0.621711 0.219677 0.024484 0.081604
84 0.633437 0.118219 0.017031 0.083646
84 0.584078 0.034865 0.024688 0.064521
84 0.679383 0.034583 0.016953 0.066542
84 0.614648 0.032458 0.010516 0.064917
84 0.593609 0.128062 0.010406 0.074500
84 0.605000 0.032604 0.017844 0.065208
84 0.609625 0.128104 0.021125 0.071167
84 0.622453 0.129531 0.008937 0.065937
47 0.987531 0.218417 0.024938 0.018542
51 0.296875 0.132604 0.093781 0.049167
51 0.390102 0.124656 0.103984 0.051271
47 0.899141 0.196135 0.020656 0.009021
51 0.977008 0.241250 0.044797 0.046667
51 0.933188 0.228875 0.047813 0.040000
51 0.928891 0.195354 0.038406 0.014292
51 0.209187 0.147167 0.058688 0.027917
51 0.973062 0.195656 0.053406 0.034021
47 0.854789 0.208042 0.030422 0.036250
47 0.976781 0.244542 0.045531 0.044333
