62 0.898906 0.564953 0.124156 0.315613
62 0.791102 0.547630 0.108453 0.268703
62 0.700914 0.543950 0.064047 0.257335
62 0.623195 0.474670 0.079359 0.126132
62 0.667961 0.415660 0.044953 0.065094
62 0.572773 0.410071 0.042891 0.112217
62 0.452453 0.377005 0.046219 0.063160
62 0.478344 0.485920 0.061406 0.212642
62 0.524813 0.409410 0.030500 0.104575
62 0.248109 0.491745 0.063281 0.184528
62 0.318367 0.510814 0.102859 0.224410
67 0.488664 0.715094 0.920641 0.536038
67 0.362586 0.413267 0.194641 0.077571
47 0.701375 0.412075 0.015313 0.044245
47 0.394336 0.758915 0.030141 0.097170
1 0.812258 0.425118 0.081766 0.234387
1 0.707250 0.336804 0.080844 0.170165
1 0.588680 0.348585 0.111141 0.194198
1 0.434172 0.246061 0.056031 0.158255
1 0.309969 0.311026 0.047094 0.072382
1 0.400719 0.293184 0.035531 0.068113
1 0.236133 0.411533 0.081516 0.189858
1 0.195430 0.349729 0.040609 0.100024
1 0.189836 0.300413 0.027734 0.091344
1 0.235266 0.302229 0.049594 0.082712
31 0.799742 0.578868 0.038078 0.066840
46 0.879992 0.740955 0.037016 0.100542
46 0.552039 0.787866 0.030766 0.104410
46 0.690188 0.820755 0.033781 0.102594
46 0.662813 0.823042 0.027344 0.083679
46 0.728297 0.735318 0.016125 0.014882
46 0.743633 0.744965 0.020047 0.008750
46 0.693781 0.679835 0.025656 0.013679
46 0.692656 0.754493 0.018812 0.010212
46 0.851586 0.697807 0.030109 0.018915
51 0.206789 0.632252 0.112766 0.043042
86 0.765625 0.404623 0.017656 0.029670
86 0.388047 0.398762 0.021375 0.035495
1 0.400484 0.343561 0.076938 0.125189
46 0.807672 0.767630 0.031875 0.087193
46 0.723055 0.817075 0.032797 0.089764
46 0.744031 0.812913 0.032188 0.093325
67 0.803594 0.552323 0.392813 0.275684
1 0.142383 0.298408 0.043297 0.080542
46 0.422484 0.763502 0.029750 0.097429
51 0.133688 0.708432 0.130312 0.054599
86 0.982492 0.420601 0.021828 0.056297
86 0.314562 0.387559 0.032594 0.045731
86 0.663750 0.353538 0.014344 0.029198
86 0.957797 0.425908 0.016594 0.033797
62 0.484695 0.382099 0.038828 0.050236
62 0.189852 0.497205 0.032891 0.195259
47 0.863766 0.758538 0.032844 0.094811
47 0.463687 0.749375 0.041281 0.095731
47 0.331266 0.739434 0.028187 0.057453
47 0.609969 0.815295 0.027563 0.071675
47 0.766898 0.795873 0.032172 0.105519
47 0.753477 0.415814 0.016016 0.007146
