64 0.290720 0.301200 0.161480 0.165920
73 0.433250 0.668947 0.294180 0.093520
74 0.645220 0.694600 0.052200 0.047067
47 0.714100 0.590893 0.065160 0.099973
84 0.538090 0.317120 0.007980 0.041280
84 0.827270 0.670480 0.181140 0.089973
84 0.827380 0.638533 0.182200 0.065173
84 0.851010 0.618720 0.230820 0.081333
84 0.452140 0.312907 0.006280 0.043680
84 0.514810 0.314960 0.007700 0.042133
84 0.457030 0.313133 0.007060 0.044720
84 0.465240 0.314773 0.008720 0.040000
84 0.502850 0.264213 0.006780 0.043467
64 0.530950 0.339813 0.134940 0.097867
