37 0.293383 0.297156 0.013172 0.017229
39 0.493859 0.368052 0.080563 0.054604
1 0.243547 0.566688 0.138406 0.331417
1 0.650656 0.520729 0.250188 0.418083
1 0.598602 0.165719 0.057172 0.063271
1 0.447102 0.141969 0.052047 0.096646
1 0.502961 0.163948 0.051672 0.075146
1 0.390281 0.149979 0.038750 0.084917
1 0.408242 0.172437 0.052047 0.059333
1 0.258898 0.081583 0.058609 0.091333
1 0.872492 0.158510 0.045578 0.077104
1 0.708695 0.435708 0.067453 0.137958
1 0.770617 0.154302 0.053172 0.082312
40 0.446656 0.658938 0.036719 0.051958
1 0.360422 0.617073 0.209656 0.255312
1 0.247477 0.172885 0.051609 0.060687
