37 0.782172 0.751897 0.055969 0.102931
3 0.455156 0.417284 0.267594 0.229224
3 0.718141 0.401739 0.095000 0.184224
3 0.855953 0.393664 0.116156 0.127615
3 0.934594 0.391279 0.073719 0.085718
3 0.984406 0.408233 0.031187 0.160661
1 0.633359 0.510359 0.213344 0.598649
1 0.400898 0.432342 0.077609 0.429914
1 0.204188 0.302356 0.105281 0.165805
1 0.089820 0.298621 0.144672 0.397126
1 0.678625 0.493520 0.064406 0.282443
8 0.166570 0.403132 0.333141 0.461667
3 0.971133 0.368951 0.034141 0.046063
1 0.450539 0.483118 0.251391 0.555833
