49 0.747625 0.547881 0.014438 0.022834
78 0.318633 0.399110 0.104703 0.071756
81 0.505734 0.567974 0.176969 0.053607
49 0.739672 0.546522 0.011250 0.020398
67 0.969320 0.583630 0.057422 0.117377
47 0.553937 0.579180 0.014469 0.012553
47 0.562109 0.574368 0.014344 0.020867
49 0.739734 0.511710 0.010687 0.021358
49 0.733297 0.546030 0.013750 0.022412
49 0.734664 0.518232 0.014453 0.026815
49 0.752633 0.529028 0.011547 0.025550
78 0.361297 0.528829 0.083687 0.061593
79 0.771633 0.742155 0.382984 0.358501
