1 0.643617 0.478938 0.398672 0.774508
1 0.939008 0.415039 0.083141 0.413031
1 0.366422 0.481334 0.091563 0.302047
1 0.551617 0.405492 0.064297 0.161917
1 0.188391 0.648316 0.349688 0.496632
1 0.254820 0.480039 0.061672 0.118575
39 0.909734 0.167396 0.140313 0.133653
40 0.334617 0.536282 0.050734 0.097798
1 0.848016 0.437578 0.082312 0.391477
1 0.448219 0.045868 0.064062 0.091736
1 0.699484 0.046179 0.056437 0.092358
1 0.068805 0.040013 0.068609 0.080026
1 0.561070 0.499443 0.046859 0.273238
1 0.436367 0.482927 0.068703 0.294663
1 0.693852 0.477254 0.065953 0.310984
