64 0.673937 0.608981 0.082469 0.238197
21 0.587070 0.337002 0.055422 0.184309
1 0.529258 0.160691 0.028234 0.122553
1 0.413375 0.171698 0.024219 0.117166
1 0.600852 0.133372 0.021141 0.057377
21 0.493273 0.364578 0.088578 0.251030
52 0.378125 0.175293 0.011031 0.015410
3 0.629125 0.110785 0.025469 0.028689
3 0.728547 0.107998 0.028937 0.069719
8 0.054727 0.214239 0.106453 0.280890
8 0.483289 0.138173 0.058984 0.123466
1 0.556828 0.123595 0.017438 0.074731
1 0.923805 0.046663 0.025734 0.036464
1 0.671000 0.115749 0.018125 0.028080
1 0.656195 0.113970 0.015578 0.040913
1 0.913055 0.134262 0.022859 0.026557
8 0.918250 0.158431 0.107969 0.204778
52 0.387984 0.177775 0.009344 0.008806
1 0.864477 0.146897 0.017578 0.088970
4 0.449453 0.191464 0.032438 0.070749
8 0.688016 0.127869 0.057625 0.102998
1 0.342688 0.180796 0.038250 0.141874
1 0.980063 0.130726 0.013187 0.054052
1 0.449313 0.170410 0.048906 0.124895
21 0.365086 0.575316 0.194078 0.530726
1 0.574977 0.159614 0.026391 0.115059
