73 0.702438 0.637136 0.235906 0.160282
73 0.646344 0.468333 0.124562 0.109061
73 0.156648 0.721291 0.177953 0.196291
76 0.742023 0.630575 0.152359 0.144765
76 0.182688 0.747383 0.060688 0.108005
76 0.658391 0.479765 0.064438 0.064366
27 0.880266 0.867535 0.235188 0.264930
27 0.565773 0.450587 0.171953 0.142441
27 0.571219 0.308803 0.070781 0.151455
1 0.727695 0.529214 0.462203 0.604484
1 0.616266 0.197746 0.098719 0.386526
31 0.865195 0.871279 0.268422 0.257441
62 0.101711 0.390446 0.194453 0.411221
62 0.478008 0.206995 0.132984 0.331080
62 0.037398 0.770786 0.071797 0.458427
62 0.251617 0.162242 0.069453 0.186362
1 0.255773 0.644953 0.317109 0.665164
1 0.389750 0.192019 0.269937 0.384038
1 0.344969 0.068251 0.103531 0.136502
1 0.221133 0.166291 0.141453 0.332582
1 0.145336 0.064777 0.056547 0.129554
1 0.355242 0.143826 0.204922 0.283146
1 0.644547 0.401080 0.349250 0.424319
31 0.430336 0.139167 0.070328 0.061432
31 0.105711 0.847336 0.075641 0.202418
31 0.354883 0.075141 0.077672 0.052864
1 0.025937 0.176667 0.048781 0.257606
1 0.083852 0.223380 0.160797 0.446761
