35 0.537352 0.787812 0.054984 0.027917
1 0.285062 0.674469 0.033531 0.089396
1 0.687977 0.683271 0.021984 0.084542
1 0.185492 0.702156 0.051797 0.079479
1 0.167008 0.667813 0.015328 0.068542
1 0.334867 0.678406 0.027984 0.088229
1 0.465766 0.644115 0.013094 0.053979
1 0.312094 0.664542 0.021563 0.071042
1 0.526891 0.640917 0.013250 0.045792
28 0.329344 0.646552 0.101406 0.158312
1 0.548305 0.723708 0.067766 0.126875
1 0.651320 0.670854 0.037328 0.106167
1 0.845406 0.753125 0.052250 0.211458
1 0.492453 0.665667 0.028406 0.082750
1 0.808172 0.737135 0.041844 0.213312
35 0.945688 0.781479 0.108625 0.016917
35 0.495242 0.706802 0.047734 0.005979
35 0.766672 0.797521 0.024750 0.022000
