44 0.109563 0.310904 0.022344 0.073826
1 0.485281 0.599718 0.263406 0.800563
1 0.646875 0.547934 0.140125 0.641972
1 0.757070 0.531526 0.185891 0.916667
47 0.198914 0.442629 0.025047 0.080704
48 0.355125 0.551678 0.061594 0.052746
51 0.308078 0.391890 0.040469 0.038286
67 0.789023 0.634836 0.417328 0.303380
78 0.899320 0.457160 0.119922 0.127277
44 0.054844 0.494918 0.009813 0.054531
1 0.420312 0.330329 0.089750 0.368545
44 0.053984 0.442347 0.017031 0.047746
44 0.043563 0.435106 0.026312 0.069366
47 0.116625 0.500634 0.051750 0.025915
47 0.115922 0.512570 0.052281 0.019131
47 0.116875 0.534695 0.056313 0.018732
47 0.116508 0.530364 0.054641 0.019507
47 0.074422 0.444577 0.026687 0.098920
47 0.116883 0.519460 0.054672 0.024319
47 0.118000 0.542934 0.051125 0.023756
47 0.113773 0.441761 0.050078 0.101033
