44 0.247390 0.346907 0.161020 0.364000
44 0.422830 0.236653 0.167100 0.351013
60 0.648650 0.898640 0.094580 0.087840
60 0.290440 0.897467 0.098920 0.130720
60 0.396470 0.795680 0.115180 0.147307
60 0.516610 0.738320 0.124540 0.142347
60 0.747370 0.859600 0.112020 0.157760
60 0.519910 0.937107 0.112020 0.125787
60 0.543450 0.873320 0.109380 0.127760
60 0.419580 0.951160 0.098840 0.072347
60 0.813470 0.917627 0.123900 0.164160
60 0.242110 0.948200 0.130740 0.103600
60 0.608530 0.818080 0.093020 0.100800
60 0.468990 0.856827 0.081380 0.126613
60 0.331400 0.883173 0.086400 0.144853
