1 0.309930 0.518497 0.210828 0.283173
1 0.617859 0.654207 0.028344 0.078142
1 0.665273 0.656013 0.017891 0.078747
41 0.346414 0.698591 0.173141 0.072714
1 0.014977 0.758570 0.029953 0.058768
1 0.056813 0.754760 0.048781 0.063883
1 0.700773 0.665334 0.015141 0.057307
2 0.770344 0.658987 0.029156 0.026409
1 0.524180 0.644447 0.030453 0.106764
1 0.716141 0.666106 0.019656 0.054635
1 0.735305 0.646942 0.007516 0.047453
1 0.774523 0.650052 0.015453 0.038100
1 0.838328 0.645772 0.011062 0.050543
1 0.730156 0.643299 0.014781 0.056493
