34 0.790953 0.428087 0.084500 0.161385
1 0.220094 0.609120 0.276813 0.781761
1 0.794977 0.772805 0.097891 0.152324
1 0.836164 0.776549 0.053578 0.153239
1 0.705297 0.776056 0.071625 0.158451
1 0.883695 0.634190 0.067109 0.255000
1 0.950633 0.640587 0.068766 0.248638
1 0.895680 0.785094 0.084703 0.137183
1 0.284203 0.776408 0.089750 0.155070
1 0.723961 0.651678 0.107703 0.274155
3 0.804070 0.683627 0.119734 0.105939
3 0.616344 0.661878 0.155594 0.115634
1 0.597414 0.586901 0.428953 0.795070
3 0.366758 0.645059 0.101453 0.097347
3 0.080578 0.639085 0.037875 0.069765
1 0.980203 0.780951 0.039594 0.139413
1 0.148500 0.641373 0.297000 0.366737
1 0.287531 0.659718 0.063313 0.167371
