21 0.437930 0.616799 0.044922 0.041822
21 0.351313 0.625047 0.037781 0.041355
21 0.207391 0.625561 0.032969 0.033364
21 0.900750 0.621098 0.037187 0.038692
21 0.301539 0.749194 0.185234 0.098808
16 0.097352 0.457325 0.009672 0.009836
16 0.109937 0.438785 0.007812 0.007290
16 0.095781 0.431963 0.010531 0.007383
16 0.092727 0.390140 0.005609 0.012336
16 0.083500 0.402640 0.006938 0.010000
16 0.117148 0.420549 0.010203 0.020164
16 0.154672 0.569112 0.008125 0.010888
16 0.040500 0.595888 0.007437 0.012757
21 0.123750 0.747991 0.176125 0.125748
