64 0.864961 0.370167 0.105641 0.231833
72 0.162273 0.443833 0.166484 0.156958
62 0.131633 0.749896 0.179516 0.370292
63 0.618305 0.675802 0.571734 0.434688
75 0.715633 0.635740 0.052172 0.020479
75 0.734375 0.630875 0.054469 0.023000
73 0.161578 0.445583 0.171469 0.162708
84 0.483164 0.207750 0.004984 0.067750
84 0.509789 0.206167 0.010766 0.069375
84 0.526102 0.206813 0.010703 0.066833
84 0.546500 0.206719 0.005938 0.068812
84 0.564414 0.206812 0.011141 0.069333
84 0.572953 0.209583 0.005875 0.062917
84 0.579250 0.209156 0.009437 0.063354
84 0.665102 0.213219 0.009203 0.057313
84 0.491836 0.208729 0.010766 0.066625
84 0.554953 0.206094 0.014438 0.070271
17 0.827070 0.555156 0.102141 0.106479
67 0.807969 0.831906 0.384063 0.310896
84 0.536633 0.208042 0.013234 0.065667
84 0.517844 0.206656 0.010031 0.067896
75 0.655813 0.441281 0.039000 0.022313
75 0.689789 0.440906 0.010078 0.017896
84 0.624078 0.207542 0.079281 0.068708
