85 0.440184 0.487961 0.124120 0.097984
1 0.075193 0.815727 0.150039 0.368547
1 0.215841 0.628641 0.051605 0.041500
1 0.721886 0.816852 0.314333 0.361797
1 0.399188 0.804930 0.180812 0.361797
1 0.573191 0.824555 0.180193 0.343078
1 0.874130 0.809797 0.096383 0.291375
1 0.109942 0.700078 0.075783 0.146500
1 0.281634 0.646375 0.048337 0.046062
1 0.380919 0.644547 0.039632 0.025562
1 0.498153 0.819297 0.082727 0.361406
1 0.305116 0.690687 0.084429 0.155375
1 0.223617 0.826273 0.229246 0.347453
1 0.943356 0.802508 0.113288 0.298578
