85 0.516648 0.304396 0.023391 0.052417
85 0.483633 0.303115 0.028797 0.049562
3 0.141336 0.666969 0.193828 0.077479
3 0.959445 0.672187 0.073328 0.069375
3 0.863758 0.657125 0.072266 0.045917
3 0.081102 0.641333 0.075891 0.049458
1 0.973711 0.654417 0.017609 0.015042
1 0.328125 0.632000 0.018906 0.044125
10 0.876844 0.588927 0.009500 0.028687
1 0.619812 0.636771 0.018250 0.045750
1 0.306461 0.618031 0.013172 0.026562
10 0.886133 0.589135 0.007016 0.030021
11 0.439508 0.644375 0.015391 0.028042
28 0.164469 0.588187 0.022375 0.014917
