1 0.406359 0.447927 0.203781 0.357307
1 0.549227 0.404274 0.103672 0.409906
1 0.646242 0.401347 0.107703 0.372201
1 0.907438 0.503782 0.092125 0.243536
1 0.155172 0.511792 0.133438 0.343817
1 0.747383 0.388068 0.158266 0.395855
1 0.294625 0.461663 0.125438 0.364496
41 0.920336 0.625550 0.073453 0.013396
41 0.911320 0.620632 0.085984 0.016956
41 0.641953 0.558337 0.067500 0.071756
41 0.729281 0.527541 0.064656 0.125902
41 0.137742 0.662951 0.119453 0.044122
41 0.268320 0.600328 0.102984 0.108337
41 0.392219 0.592330 0.101031 0.088595
41 0.537625 0.576019 0.110750 0.086604
