41 0.596016 0.699906 0.063844 0.319296
41 0.402422 0.678674 0.058469 0.325798
41 0.220320 0.742711 0.097016 0.311056
41 0.321297 0.821268 0.113656 0.199859
41 0.729203 0.829519 0.138469 0.060915
1 0.326078 0.534824 0.167531 0.692136
1 0.733086 0.487617 0.161922 0.693685
1 0.121438 0.219601 0.053969 0.238732
1 0.134273 0.538709 0.068391 0.494742
1 0.606547 0.521350 0.166031 0.651667
1 0.478328 0.577723 0.153719 0.636761
1 0.438633 0.321749 0.082172 0.152418
1 0.249695 0.553556 0.244078 0.713826
41 0.086883 0.859542 0.094297 0.046549
