18 0.414664 0.712117 0.390172 0.543426
1 0.393477 0.510447 0.096922 0.261745
1 0.252992 0.152521 0.019672 0.084702
1 0.104398 0.130043 0.014828 0.045702
1 0.542359 0.182713 0.025031 0.102234
1 0.640125 0.266862 0.027500 0.076532
1 0.529695 0.107915 0.008766 0.012596
1 0.513789 0.110479 0.010172 0.012106
1 0.500836 0.112266 0.007172 0.012872
9 0.937969 0.239979 0.058437 0.068298
9 0.887273 0.223415 0.056078 0.064745
9 0.838078 0.216840 0.058781 0.050660
9 0.793586 0.206457 0.056203 0.049979
9 0.299141 0.102383 0.066719 0.049277
9 0.754445 0.206585 0.055391 0.036702
9 0.353555 0.125691 0.044828 0.025511
9 0.434078 0.144638 0.026625 0.018468
9 0.454211 0.104404 0.073016 0.029745
9 0.645242 0.074755 0.087859 0.023000
9 0.976789 0.254362 0.046422 0.052936
9 0.531250 0.117543 0.073438 0.029851
9 0.795211 0.214926 0.055328 0.041894
