72 0.831010 0.454984 0.238521 0.180250
17 0.372427 0.443469 0.144021 0.154188
62 0.061385 0.766805 0.122771 0.441109
62 0.520427 0.677422 0.369896 0.455906
63 0.472469 0.411500 0.494979 0.091312
67 0.050479 0.592242 0.099542 0.092141
1 0.616510 0.605164 0.418938 0.571828
84 0.978010 0.175398 0.043979 0.019391
84 0.976906 0.190602 0.046188 0.016859
84 0.975438 0.202820 0.029625 0.009109
84 0.981615 0.145852 0.036771 0.031922
84 0.779521 0.648422 0.120917 0.036187
84 0.751094 0.563875 0.055646 0.028156
62 0.078479 0.634180 0.156958 0.366484
62 0.115656 0.513539 0.229729 0.228234
77 0.732146 0.529906 0.041750 0.015531
84 0.978542 0.136500 0.039375 0.033469
84 0.874375 0.579711 0.101417 0.054484
