1 0.296016 0.467927 0.067500 0.282687
1 0.370812 0.462896 0.054344 0.279125
1 0.418820 0.469667 0.052234 0.238208
1 0.469906 0.479979 0.055719 0.234167
1 0.505883 0.494677 0.052078 0.222729
1 0.568914 0.487625 0.114297 0.249375
1 0.127367 0.394385 0.006422 0.019229
1 0.148750 0.395396 0.022500 0.025250
1 0.044641 0.416073 0.032125 0.043771
1 0.169555 0.396531 0.019391 0.022812
1 0.240328 0.387073 0.010250 0.030979
1 0.974492 0.440833 0.028234 0.043500
31 0.218672 0.573146 0.029594 0.032500
1 0.137609 0.389167 0.007375 0.014125
42 0.667422 0.869573 0.565906 0.167896
42 0.497305 0.774625 0.431516 0.089500
42 0.175297 0.777313 0.324531 0.251792
42 0.489086 0.723885 0.392578 0.057271
