7 0.455891 0.495506 0.908781 0.991012
1 0.644742 0.691812 0.124516 0.586212
1 0.834672 0.730918 0.138781 0.534824
1 0.947164 0.702565 0.105672 0.594871
1 0.690633 0.539847 0.090016 0.111788
1 0.579781 0.691741 0.038219 0.182400
10 0.915555 0.422165 0.011891 0.014259
10 0.914602 0.399835 0.008516 0.010071
10 0.860016 0.345165 0.009687 0.013200
33 0.708047 0.769953 0.069312 0.178071
31 0.804719 0.707671 0.060281 0.089788
31 0.769367 0.691647 0.026984 0.061318
33 0.795383 0.885188 0.044109 0.205200
