62 0.171477 0.739533 0.228891 0.318925
62 0.567883 0.576484 0.033766 0.145164
62 0.713617 0.735386 0.175516 0.287453
62 0.790492 0.600245 0.174203 0.252967
62 0.029805 0.637488 0.050359 0.183481
59 0.447813 0.724743 0.305375 0.146776
1 0.492102 0.342582 0.069047 0.059369
1 0.115727 0.444182 0.063141 0.117570
1 0.312430 0.383879 0.068922 0.067617
1 0.622227 0.619895 0.281891 0.565023
1 0.474555 0.497500 0.168203 0.303925
1 0.774023 0.518400 0.130609 0.334836
1 0.974875 0.400456 0.050094 0.145818
1 0.908766 0.359720 0.072375 0.132617
1 0.243359 0.351110 0.086688 0.194416
3 0.116039 0.353505 0.080672 0.094299
3 0.161008 0.314334 0.042547 0.048762
44 0.362563 0.526904 0.035469 0.132453
47 0.489172 0.605584 0.027906 0.105093
47 0.412727 0.735350 0.039734 0.163832
47 0.300391 0.465783 0.019969 0.038061
47 0.284773 0.461624 0.017172 0.060678
47 0.942469 0.459591 0.107438 0.039836
47 0.541055 0.396495 0.007172 0.022477
62 0.982320 0.668002 0.035359 0.220023
62 0.108242 0.494544 0.063609 0.055818
62 0.111180 0.550643 0.049266 0.083014
67 0.478641 0.788762 0.371188 0.323598
1 0.061805 0.448925 0.049203 0.123271
1 0.684172 0.301589 0.026562 0.124953
62 0.151195 0.864766 0.302391 0.270467
62 0.023836 0.506402 0.039422 0.061075
62 0.844477 0.418119 0.071266 0.037921
67 0.336211 0.562886 0.145797 0.207874
67 0.286797 0.534007 0.097437 0.095117
67 0.527516 0.405152 0.011469 0.015117
1 0.219164 0.622932 0.209641 0.520724
1 0.391859 0.418890 0.132719 0.161192
3 0.205508 0.318867 0.048984 0.043341
3 0.017125 0.353341 0.034250 0.111542
31 0.696977 0.286904 0.008734 0.022921
31 0.959617 0.640491 0.027141 0.067336
31 0.854805 0.596869 0.041297 0.069019
47 0.395156 0.554077 0.028875 0.075818
62 0.867070 0.875946 0.265859 0.248107
62 0.581492 0.466776 0.046422 0.089766
67 0.637570 0.910923 0.509359 0.158014
67 0.917047 0.519486 0.165906 0.096729
31 0.704695 0.295187 0.017234 0.027056
51 0.540492 0.738762 0.127547 0.088131
