38 0.180734 0.203806 0.064187 0.174684
1 0.054656 0.746546 0.029094 0.033888
1 0.077211 0.886511 0.103453 0.191007
1 0.143289 0.908501 0.077609 0.161077
1 0.208906 0.877295 0.051562 0.215199
1 0.290867 0.887635 0.101953 0.224731
1 0.212797 0.658993 0.061344 0.226932
1 0.254336 0.730187 0.049766 0.094239
1 0.524633 0.694321 0.159922 0.519742
1 0.232133 0.931967 0.090766 0.136066
1 0.680211 0.865129 0.112859 0.268759
1 0.329531 0.650457 0.030406 0.093419
1 0.416703 0.751874 0.037250 0.084918
1 0.391969 0.653689 0.084562 0.092951
