1 0.172343 0.761117 0.270351 0.449433
1 0.362719 0.548975 0.040827 0.067883
1 0.222143 0.547183 0.037769 0.072667
1 0.952769 0.537375 0.030301 0.042417
1 0.826942 0.544200 0.037544 0.073300
1 0.330088 0.545408 0.009599 0.020017
38 0.532155 0.191083 0.095238 0.057833
38 0.675038 0.214558 0.030727 0.030583
38 0.230539 0.367033 0.024085 0.012967
1 0.301466 0.534258 0.020727 0.039150
1 0.602519 0.518117 0.006642 0.017300
1 0.589950 0.513842 0.012180 0.016417
1 0.904048 0.530317 0.012055 0.033433
1 0.994637 0.589025 0.010727 0.017483
1 0.687581 0.512383 0.011905 0.016467
