6 0.630470 0.855045 0.237100 0.267411
6 0.756000 0.544866 0.100920 0.160804
1 0.871310 0.670893 0.015140 0.033274
1 0.011210 0.357842 0.008340 0.039256
3 0.202110 0.914107 0.116340 0.116786
3 0.098510 0.869881 0.136660 0.110119
3 0.228980 0.773869 0.107840 0.082679
3 0.163570 0.752024 0.105740 0.076964
3 0.101770 0.705119 0.101780 0.081905
1 0.021940 0.480625 0.011680 0.054048
3 0.457620 0.950536 0.118440 0.097083
3 0.491690 0.752485 0.091500 0.086399
3 0.474040 0.675461 0.079800 0.059375
3 0.459010 0.609658 0.076380 0.066935
3 0.108110 0.634152 0.100780 0.072708
3 0.036040 0.826250 0.072080 0.093631
3 0.367750 0.877381 0.117340 0.107143
1 0.338950 0.292798 0.004420 0.016726
3 0.354410 0.781935 0.103820 0.087619
10 0.177220 0.480000 0.015880 0.040357
