3 0.396490 0.738977 0.116646 0.064078
3 0.387958 0.629812 0.054250 0.029375
3 0.310312 0.603648 0.050292 0.027859
6 0.810990 0.699320 0.317479 0.164766
6 0.494615 0.631891 0.161979 0.113219
1 0.328375 0.848039 0.039083 0.067234
1 0.491521 0.934391 0.043917 0.087656
1 0.300313 0.909031 0.034125 0.076781
1 0.358208 0.906859 0.029792 0.070531
1 0.542719 0.977930 0.051521 0.044141
1 0.606542 0.976016 0.034333 0.047969
3 0.256719 0.589492 0.035438 0.018047
28 0.498906 0.884086 0.051646 0.021891
28 0.609125 0.939594 0.078958 0.035094
1 0.285469 0.646398 0.012104 0.033547
1 0.327385 0.912125 0.038979 0.071844
1 0.277625 0.626234 0.011125 0.029937
1 0.291594 0.625078 0.018229 0.028875
1 0.409406 0.607922 0.014313 0.036062
31 0.292490 0.912953 0.024187 0.015313
1 0.376062 0.594531 0.009167 0.019125
