62 0.715508 0.705351 0.051734 0.080585
62 0.554805 0.522963 0.061641 0.081569
39 0.436750 0.673454 0.048000 0.086862
40 0.279188 0.758267 0.037562 0.052553
1 0.346313 0.762330 0.139125 0.452904
1 0.495320 0.613361 0.117266 0.391686
1 0.673789 0.645398 0.111234 0.222084
1 0.359187 0.222014 0.060094 0.115410
1 0.957289 0.600000 0.085422 0.260656
1 0.605648 0.262845 0.066047 0.112670
1 0.802984 0.479145 0.067375 0.143068
1 0.575008 0.371792 0.048641 0.109813
1 0.548203 0.413981 0.054906 0.079251
1 0.509062 0.337646 0.066344 0.155199
1 0.219305 0.693326 0.140859 0.237799
1 0.200148 0.627986 0.148328 0.366323
62 0.620742 0.344344 0.053859 0.047564
62 0.393492 0.249297 0.010141 0.042201
62 0.766305 0.705621 0.050141 0.079766
62 0.381297 0.459930 0.061125 0.058595
62 0.431141 0.525234 0.060000 0.080726
62 0.704289 0.232576 0.039641 0.032787
62 0.779344 0.193747 0.053844 0.059251
62 0.738781 0.514262 0.060344 0.073489
1 0.890648 0.628290 0.089109 0.244075
62 0.944094 0.230984 0.054531 0.038689
62 0.831828 0.699953 0.055156 0.085105
