72 0.315688 0.292160 0.470563 0.570469
72 0.770094 0.381385 0.429812 0.553803
74 0.797930 0.738099 0.093797 0.062160
74 0.841047 0.792183 0.082750 0.089296
76 0.576625 0.871913 0.390406 0.229225
76 0.769414 0.692359 0.243734 0.077582
76 0.497625 0.819167 0.280438 0.171808
84 0.181383 0.797347 0.362766 0.226338
84 0.182828 0.656948 0.362656 0.219718
84 0.179883 0.900223 0.359766 0.199554
84 0.266328 0.945012 0.221375 0.109977
62 0.831172 0.447418 0.141187 0.165634
62 0.419258 0.476631 0.126203 0.179225
1 0.811227 0.351080 0.220328 0.361596
74 0.858688 0.777077 0.081906 0.056690
