4 0.517820 0.522471 0.889391 0.797741
4 0.812352 0.381188 0.375297 0.415506
4 0.121906 0.155918 0.062000 0.097247
1 0.774680 0.174871 0.035141 0.137459
1 0.332773 0.072918 0.029703 0.145412
1 0.738492 0.134906 0.036672 0.067459
1 0.700891 0.126847 0.029687 0.065553
1 0.375641 0.077765 0.032781 0.132471
1 0.278687 0.071918 0.035563 0.143835
1 0.237195 0.072153 0.035922 0.144306
1 0.707695 0.177753 0.076922 0.099082
1 0.504008 0.149094 0.040203 0.230941
1 0.259078 0.034271 0.014656 0.046988
1 0.215641 0.034094 0.018625 0.044188
1 0.658859 0.142765 0.043656 0.089341
1 0.352609 0.024847 0.014438 0.048376
