44 0.258219 0.784555 0.059332 0.166297
44 0.223839 0.544031 0.066216 0.142031
44 0.270405 0.534141 0.058998 0.139906
44 0.311693 0.529711 0.054070 0.129891
44 0.400437 0.541172 0.054897 0.062281
44 0.439682 0.346453 0.055294 0.070406
44 0.194690 0.394156 0.067599 0.106781
44 0.205382 0.799836 0.085517 0.160828
44 0.433998 0.740234 0.056645 0.117625
44 0.385366 0.707359 0.042719 0.066469
44 0.482734 0.345219 0.022003 0.045000
82 0.502289 0.497383 0.995421 0.986516
44 0.548919 0.649281 0.077679 0.168250
51 0.773251 0.262070 0.118076 0.052953
51 0.844777 0.257469 0.100175 0.039531
44 0.311558 0.788266 0.087472 0.124750
