2 0.530156 0.572834 0.043125 0.108665
1 0.528188 0.519087 0.046031 0.173583
1 0.187609 0.469333 0.021688 0.039555
1 0.830477 0.482096 0.010828 0.032014
8 0.516148 0.486522 0.121078 0.102600
10 0.390437 0.096417 0.092750 0.188337
10 0.755602 0.328770 0.007859 0.037307
10 0.954320 0.359567 0.010734 0.053419
10 0.971391 0.381464 0.009000 0.046674
10 0.801367 0.408419 0.008422 0.025925
10 0.522797 0.403255 0.008781 0.051616
10 0.134188 0.400000 0.022500 0.053911
10 0.098203 0.321347 0.025500 0.058431
10 0.037047 0.307834 0.026125 0.039180
1 0.226023 0.503267 0.034266 0.137400
3 0.102883 0.511347 0.203203 0.171920
3 0.693977 0.545480 0.214172 0.153068
3 0.453117 0.489274 0.031266 0.052412
8 0.613945 0.483770 0.097328 0.096768
3 0.798820 0.529778 0.111391 0.111733
3 0.418141 0.485222 0.048469 0.056066
3 0.354805 0.492529 0.024234 0.054754
3 0.335508 0.478255 0.031984 0.042834
3 0.975070 0.514532 0.049859 0.060726
3 0.663531 0.463443 0.028406 0.007963
3 0.317602 0.476768 0.009234 0.024075
10 0.269016 0.395574 0.005906 0.018314
3 0.307078 0.469836 0.017438 0.026136
10 0.678430 0.321827 0.009672 0.037096
