6 0.030016 0.568198 0.060031 0.231896
6 0.091437 0.561740 0.065438 0.192396
6 0.675492 0.574427 0.247953 0.317271
6 0.233266 0.562552 0.152969 0.213812
6 0.424719 0.561792 0.252812 0.260667
28 0.869609 0.584375 0.088813 0.039625
28 0.861836 0.552427 0.070578 0.022979
27 0.890945 0.695115 0.060703 0.107938
27 0.233039 0.685937 0.038078 0.104083
31 0.351766 0.653823 0.017688 0.019563
31 0.125992 0.660115 0.010484 0.035563
31 0.952086 0.680688 0.020047 0.042167
1 0.294578 0.698792 0.056094 0.225500
1 0.514266 0.744062 0.786906 0.310958
1 0.337625 0.654708 0.046781 0.169625
1 0.749156 0.678646 0.045500 0.206750
1 0.930500 0.707438 0.056031 0.205875
1 0.359320 0.673740 0.041609 0.186354
1 0.468641 0.666760 0.052281 0.182646
1 0.815680 0.678677 0.021922 0.161021
1 0.459328 0.662479 0.008313 0.053667
1 0.690391 0.671417 0.054250 0.207500
6 0.140477 0.542875 0.048797 0.124542
16 0.274742 0.319615 0.030297 0.021479
1 0.845289 0.676427 0.027453 0.151104
31 0.812922 0.654521 0.019125 0.037875
