16 0.378555 0.474087 0.116922 0.154900
16 0.106125 0.295390 0.058531 0.071091
16 0.579937 0.476236 0.082187 0.170557
16 0.031109 0.642673 0.062219 0.067661
16 0.263820 0.559376 0.057828 0.116704
16 0.938391 0.512183 0.080344 0.140980
16 0.698813 0.482272 0.053312 0.144855
16 0.803312 0.461492 0.051750 0.128018
16 0.073773 0.477517 0.071078 0.175523
16 0.168984 0.483419 0.158344 0.095345
16 0.170500 0.287394 0.019031 0.029488
16 0.879164 0.539454 0.059766 0.127283
16 0.831109 0.495245 0.051375 0.108664
