9 0.346894 0.784906 0.301412 0.430188
9 0.727529 0.640945 0.232612 0.434672
9 0.127988 0.801867 0.255976 0.396266
1 0.374447 0.679836 0.133647 0.110641
1 0.804965 0.281141 0.053647 0.155719
1 0.953918 0.322750 0.090847 0.160312
1 0.850318 0.299805 0.083976 0.160422
1 0.161224 0.631867 0.160518 0.132547
1 0.228965 0.493055 0.069365 0.066516
1 0.355259 0.247813 0.028824 0.025250
52 0.184282 0.759781 0.065694 0.022719
52 0.131459 0.771125 0.056329 0.016625
52 0.091365 0.920695 0.012376 0.012641
1 0.602965 0.235328 0.022212 0.027125
1 0.329247 0.894039 0.266541 0.156578
1 0.772482 0.194750 0.037906 0.079375
9 0.293424 0.389617 0.253671 0.354984
9 0.890847 0.866289 0.218306 0.262922
9 0.630212 0.403344 0.223388 0.140281
9 0.059012 0.247602 0.111153 0.048609
9 0.449000 0.326687 0.062235 0.091719
9 0.369482 0.240211 0.127906 0.101109
28 0.432059 0.216062 0.139506 0.025531
28 0.436318 0.202633 0.128918 0.026453
52 0.293365 0.940414 0.012847 0.012859
52 0.413329 0.600086 0.009341 0.010859
52 0.031647 0.919992 0.063059 0.037297
52 0.061953 0.761500 0.006588 0.006469
52 0.102341 0.750953 0.053859 0.034063
52 0.377082 0.581602 0.043529 0.028359
52 0.118624 0.930437 0.040118 0.023625
52 0.080012 0.931656 0.157482 0.053812
1 0.681671 0.205578 0.025129 0.026219
1 0.309847 0.247266 0.058941 0.031187
52 0.060824 0.769813 0.067106 0.023563
1 0.657847 0.212281 0.054094 0.030156
9 0.584647 0.310125 0.141059 0.104563
9 0.293000 0.274148 0.059506 0.029984
52 0.408176 0.605406 0.046000 0.022250
