3 0.159070 0.789042 0.315734 0.228361
3 0.942336 0.754486 0.113703 0.219361
6 0.573875 0.512917 0.591562 0.800000
1 0.799937 0.436708 0.027437 0.073417
1 0.808289 0.428236 0.012703 0.021250
1 0.827070 0.462028 0.025047 0.053333
1 0.563508 0.298778 0.060109 0.097056
1 0.267984 0.723806 0.014563 0.036722
1 0.665430 0.374500 0.027672 0.053444
1 0.767898 0.427611 0.022016 0.059667
1 0.634633 0.335292 0.038391 0.105861
1 0.708508 0.390778 0.021234 0.067278
1 0.686523 0.373208 0.030547 0.082472
3 0.887023 0.718111 0.044547 0.043444
6 0.964328 0.637347 0.071344 0.136361
1 0.842984 0.473486 0.020344 0.054250
1 0.199313 0.727111 0.035500 0.047167
1 0.363555 0.294528 0.016297 0.054000
