28 0.240992 0.369627 0.379609 0.327843
1 0.277539 0.558004 0.172141 0.531008
84 0.637312 0.474264 0.011000 0.129052
84 0.667164 0.476028 0.012891 0.155000
84 0.657586 0.470504 0.012984 0.137177
84 0.444211 0.368851 0.068734 0.023185
84 0.445891 0.266653 0.009000 0.090968
84 0.699320 0.429093 0.027172 0.087056
84 0.444664 0.350736 0.074203 0.017641
84 0.434180 0.269153 0.015516 0.092016
84 0.645305 0.469819 0.013797 0.139798
84 0.418070 0.264133 0.018922 0.099960
84 0.449656 0.434022 0.072250 0.041028
