2 0.716166 0.439531 0.029586 0.112062
2 0.928965 0.377062 0.015054 0.050031
77 0.364608 0.288266 0.025904 0.030844
1 0.380163 0.585633 0.312919 0.827547
1 0.712364 0.376266 0.088998 0.212500
1 0.586819 0.305320 0.054161 0.083297
1 0.516623 0.296836 0.029804 0.048891
1 0.785959 0.314398 0.048475 0.074578
1 0.891580 0.302836 0.021373 0.033266
1 0.633867 0.345000 0.066645 0.139969
1 0.933791 0.333578 0.061699 0.110625
77 0.345991 0.243641 0.009499 0.021375
1 0.875556 0.302922 0.063442 0.089563
2 0.630185 0.383680 0.063115 0.069391
