1 0.446305 0.690819 0.081578 0.381861
28 0.434727 0.461389 0.139547 0.100556
28 0.366570 0.477333 0.117453 0.152111
28 0.335891 0.397889 0.058031 0.038167
1 0.334242 0.655833 0.064141 0.282222
3 0.095219 0.551944 0.190437 0.199556
3 0.055148 0.435917 0.110297 0.072722
10 0.177781 0.344722 0.004437 0.023833
10 0.379312 0.334611 0.005219 0.019278
10 0.410016 0.327694 0.004969 0.017444
10 0.018898 0.351542 0.005516 0.036528
10 0.363023 0.332806 0.007797 0.034444
28 0.286477 0.408514 0.051109 0.091639
31 0.287383 0.628458 0.029047 0.125306
31 0.426094 0.585181 0.040469 0.090583
1 0.245859 0.718889 0.115031 0.431056
1 0.394266 0.641083 0.057094 0.304500
3 0.172875 0.513125 0.095656 0.164250
28 0.198969 0.448333 0.040688 0.072667
8 0.044695 0.383986 0.088516 0.046750
8 0.291078 0.355083 0.061687 0.066389
1 0.298891 0.505500 0.046656 0.179611
1 0.387531 0.391583 0.007969 0.017889
10 0.414828 0.327972 0.004531 0.019111
10 0.175656 0.371347 0.007094 0.008306
