63 0.268093 0.689160 0.530420 0.315360
44 0.871321 0.477210 0.018378 0.029300
44 0.851381 0.467970 0.023423 0.043300
44 0.816231 0.471050 0.017568 0.040100
44 0.799189 0.471090 0.019219 0.039500
44 0.783574 0.465730 0.019459 0.047260
44 0.760661 0.471700 0.036276 0.047800
44 0.729940 0.466890 0.021261 0.044820
67 0.110901 0.829480 0.220300 0.203440
44 0.688679 0.465500 0.018498 0.046560
44 0.639099 0.469820 0.016036 0.040400
44 0.746396 0.467870 0.016937 0.045100
62 0.131036 0.850860 0.250360 0.292720
63 0.520090 0.563410 0.295375 0.146980
