67 0.506477 0.835584 0.622234 0.308560
47 0.523648 0.682675 0.055578 0.052549
51 0.384023 0.583580 0.090141 0.032062
51 0.627898 0.572986 0.039109 0.050486
51 0.596219 0.667490 0.038406 0.027977
51 0.645687 0.674591 0.023250 0.018405
51 0.621828 0.341634 0.035250 0.014086
51 0.612766 0.236274 0.072563 0.027101
84 0.468242 0.654698 0.017141 0.067918
84 0.488242 0.654621 0.008672 0.063093
46 0.647813 0.457986 0.018469 0.056401
46 0.621789 0.458220 0.024203 0.055856
47 0.258625 0.570477 0.051219 0.060175
47 0.583977 0.462879 0.020328 0.045253
86 0.497383 0.454300 0.063953 0.064514
