1 0.322352 0.120234 0.118734 0.200000
1 0.130156 0.116542 0.152594 0.219252
1 0.025977 0.288621 0.051953 0.576449
1 0.431750 0.187161 0.038312 0.086332
46 0.453852 0.604498 0.204391 0.764042
46 0.178445 0.604264 0.189984 0.770257
46 0.548820 0.498832 0.122359 0.467850
46 0.885906 0.544568 0.181844 0.559556
46 0.380961 0.569661 0.758922 0.829229
32 0.330828 0.139147 0.013813 0.067033
44 0.285102 0.196600 0.015828 0.085304
44 0.805641 0.335619 0.009594 0.049182
44 0.258977 0.195502 0.016672 0.081846
46 0.210070 0.206624 0.028828 0.039463
67 0.598437 0.806706 0.801906 0.382570
84 0.217687 0.077103 0.012781 0.066869
84 0.804797 0.890374 0.387813 0.219252
44 0.432828 0.195152 0.013625 0.065210
44 0.712695 0.106939 0.010828 0.055280
44 0.778797 0.336449 0.012750 0.047617
44 0.794781 0.116180 0.011125 0.055584
44 0.319609 0.192208 0.024313 0.103902
44 0.804258 0.265187 0.012891 0.049860
44 0.885008 0.197395 0.008672 0.041565
44 0.808086 0.116040 0.009703 0.051192
44 0.822148 0.116694 0.013203 0.046939
44 0.888883 0.340748 0.009266 0.042290
