2 0.143350 0.297147 0.286700 0.387947
1 0.374190 0.371720 0.423980 0.490373
1 0.179460 0.211627 0.287800 0.410827
1 0.943410 0.533787 0.113180 0.912160
1 0.983940 0.040187 0.032120 0.080373
2 0.492140 0.360120 0.138200 0.305627
52 0.506680 0.850960 0.078240 0.092267
52 0.495660 0.787467 0.093840 0.066613
52 0.570910 0.666933 0.048780 0.109867
52 0.268040 0.820520 0.128360 0.182427
52 0.607180 0.840800 0.091960 0.050987
52 0.344720 0.919213 0.155160 0.161573
52 0.127710 0.856107 0.152540 0.184267
52 0.551660 0.938667 0.042440 0.122667
52 0.609130 0.682613 0.058060 0.079520
52 0.459270 0.953747 0.052260 0.080880
52 0.153560 0.663120 0.125560 0.110720
1 0.914500 0.022240 0.045480 0.044480
1 0.292970 0.054107 0.097100 0.103893
1 0.871860 0.024893 0.016400 0.047760
52 0.403890 0.784307 0.097340 0.124560
52 0.508400 0.758440 0.072960 0.050267
1 0.850800 0.023227 0.015400 0.046453
