38 0.244570 0.354552 0.037016 0.029937
38 0.484625 0.254771 0.028250 0.030042
38 0.508555 0.522729 0.046109 0.090333
38 0.405547 0.418333 0.014031 0.013125
38 0.638797 0.495781 0.012937 0.016104
38 0.710383 0.388302 0.072047 0.046646
38 0.570508 0.577396 0.007891 0.009917
38 0.554953 0.596500 0.020188 0.009458
38 0.397508 0.618104 0.017016 0.021208
38 0.339258 0.662333 0.005891 0.010375
1 0.876937 0.934646 0.043531 0.130708
1 0.537883 0.888135 0.176797 0.222396
1 0.130344 0.880583 0.145250 0.238833
1 0.293531 0.879500 0.173719 0.241000
1 0.379516 0.886854 0.049875 0.224000
1 0.455844 0.928010 0.042312 0.137104
1 0.425945 0.930323 0.025672 0.093063
1 0.670609 0.908062 0.056656 0.075542
1 0.217164 0.861448 0.036422 0.113063
1 0.886875 0.851510 0.031438 0.064062
1 0.614484 0.877479 0.040844 0.133667
1 0.765094 0.910792 0.040406 0.069500
1 0.656422 0.847812 0.035094 0.101625
38 0.780953 0.767240 0.081469 0.054688
