62 0.515891 0.762146 0.123188 0.272126
62 0.972211 0.896191 0.055047 0.181201
67 0.678719 0.716663 0.221031 0.083248
47 0.621273 0.656585 0.039016 0.059154
47 0.455984 0.612933 0.034813 0.026693
47 0.584461 0.565285 0.012922 0.025846
73 0.707578 0.641457 0.156844 0.099764
84 0.713313 0.741703 0.213500 0.124035
1 0.637562 0.575915 0.140688 0.205886
1 0.742070 0.530118 0.085453 0.125079
1 0.834164 0.712205 0.331109 0.575591
1 0.452992 0.649094 0.133016 0.393189
1 0.691984 0.528022 0.052750 0.107776
62 0.609930 0.876850 0.098672 0.206614
73 0.518477 0.583071 0.101641 0.087874
73 0.825531 0.584262 0.072438 0.062303
84 0.569406 0.467077 0.037250 0.036831
84 0.592820 0.467589 0.006859 0.037697
1 0.345734 0.458848 0.040063 0.103917
1 0.224773 0.526535 0.059766 0.253701
1 0.404656 0.478297 0.044406 0.173248
67 0.449156 0.628307 0.083219 0.048465
73 0.603313 0.557598 0.038344 0.046024
1 0.988969 0.598002 0.022062 0.092815
62 0.456359 0.742323 0.084656 0.100079
62 0.749984 0.927677 0.022812 0.045433
62 0.813813 0.963169 0.033094 0.072008
