19 0.204703 0.668820 0.178750 0.520437
19 0.654914 0.664301 0.154328 0.556399
3 0.980687 0.687762 0.035937 0.127343
19 0.814414 0.652124 0.102422 0.289878
19 0.878430 0.641827 0.072766 0.288094
19 0.451625 0.703523 0.186938 0.482150
19 0.349164 0.526661 0.049391 0.142972
19 0.553578 0.572710 0.063656 0.219476
1 0.422039 0.538531 0.204516 0.418182
1 0.584313 0.418698 0.056250 0.129213
1 0.646758 0.417771 0.165297 0.313584
1 0.854273 0.536713 0.088234 0.251224
1 0.872914 0.482456 0.023828 0.084353
1 0.374383 0.435376 0.057297 0.124073
1 0.906648 0.532719 0.058703 0.222850
1 0.060414 0.623409 0.033672 0.159860
1 0.094922 0.625122 0.044500 0.149336
2 0.092922 0.658208 0.053344 0.094913
3 0.307938 0.656399 0.042281 0.124510
10 0.060555 0.441101 0.032922 0.059161
10 0.015313 0.349231 0.030625 0.093182
19 0.906789 0.650717 0.073203 0.139476
1 0.523031 0.452483 0.059062 0.140315
1 0.750578 0.576189 0.111062 0.222413
2 0.025406 0.672168 0.021594 0.051294
10 0.012539 0.447150 0.025078 0.086119
19 0.758672 0.703864 0.052906 0.218217
1 0.198297 0.538383 0.174812 0.399458
