44 0.915539 0.569812 0.114859 0.414417
67 0.597813 0.571635 0.684406 0.349771
48 0.635852 0.923406 0.238266 0.153188
49 0.503953 0.787167 0.247938 0.078667
49 0.503188 0.785719 0.248312 0.078021
1 0.165070 0.585333 0.326859 0.829333
44 0.535844 0.411854 0.070781 0.126750
46 0.596484 0.561312 0.078094 0.273625
46 0.875281 0.480052 0.058844 0.150229
46 0.544719 0.542552 0.072625 0.243688
46 0.425906 0.523760 0.038719 0.114229
46 0.818500 0.571625 0.047125 0.154667
46 0.680617 0.654948 0.056922 0.187438
46 0.307945 0.411000 0.037141 0.108917
46 0.966484 0.749125 0.067031 0.475917
47 0.883945 0.782948 0.131703 0.232729
47 0.514820 0.563729 0.062109 0.114292
47 0.343898 0.420938 0.032016 0.050208
48 0.360500 0.642979 0.157781 0.072292
48 0.771773 0.546490 0.064609 0.022354
49 0.314961 0.594125 0.168922 0.037417
51 0.304461 0.488062 0.116266 0.051208
62 0.489547 0.370146 0.033406 0.089042
1 0.273633 0.366375 0.151703 0.177125
1 0.594234 0.332135 0.073750 0.241312
1 0.673563 0.349708 0.151906 0.291375
1 0.877898 0.352729 0.244203 0.334250
1 0.105164 0.556177 0.207203 0.887646
1 0.812609 0.279406 0.053125 0.093979
44 0.392508 0.366635 0.023609 0.054146
46 0.387133 0.464323 0.053984 0.166229
47 0.273727 0.409573 0.027016 0.097021
47 0.972523 0.650083 0.054953 0.279250
47 0.683711 0.526229 0.060391 0.079125
67 0.605578 0.665854 0.788844 0.668292
67 0.764836 0.337698 0.140547 0.045437
1 0.965500 0.297729 0.067750 0.152833
46 0.423148 0.410979 0.037016 0.101000
46 0.288398 0.412594 0.028484 0.096437
46 0.644953 0.475667 0.045156 0.186750
46 0.599492 0.402667 0.050203 0.054625
48 0.764648 0.573490 0.095266 0.031771
67 0.605297 0.652708 0.789406 0.669958
51 0.683953 0.611490 0.161719 0.100854
