1 0.505130 0.350554 0.424820 0.692126
61 0.526890 0.824716 0.231180 0.184281
79 0.912630 0.550449 0.174740 0.782515
61 0.584690 0.707186 0.103580 0.098862
61 0.482610 0.700000 0.091580 0.105629
61 0.678180 0.800614 0.100080 0.148234
61 0.341500 0.841572 0.136600 0.128114
61 0.681430 0.732156 0.097100 0.096707
62 0.361230 0.418563 0.182300 0.525030
63 0.750740 0.284716 0.273600 0.445180
47 0.046740 0.154566 0.048320 0.121587
61 0.392560 0.728428 0.102160 0.107156
84 0.838160 0.405389 0.031320 0.041198
