4 0.737681 0.664648 0.523091 0.514547
4 0.653419 0.443969 0.687119 0.555063
4 0.472834 0.328219 0.518126 0.502469
4 0.320644 0.365305 0.240492 0.208109
4 0.754297 0.449437 0.491405 0.494375
3 0.107225 0.384969 0.029063 0.017500
3 0.046230 0.392734 0.043466 0.018625
4 0.666780 0.551477 0.329719 0.283078
4 0.320679 0.425852 0.233630 0.214922
4 0.239344 0.365539 0.169555 0.180016
4 0.206651 0.369453 0.103934 0.107750
10 0.321405 0.248508 0.020468 0.034516
3 0.146663 0.381289 0.038103 0.030391
3 0.015480 0.378625 0.022763 0.009500
4 0.572201 0.420383 0.570258 0.486578
4 0.811710 0.812188 0.362061 0.332469
