28 0.767203 0.247108 0.199250 0.206909
28 0.561492 0.277155 0.175422 0.217963
31 0.747242 0.586733 0.061203 0.091733
31 0.607164 0.472365 0.074922 0.277237
31 0.221852 0.587190 0.070234 0.158642
1 0.415492 0.540539 0.145766 0.826557
1 0.543023 0.545035 0.118734 0.642670
1 0.708242 0.559742 0.190516 0.653770
1 0.917938 0.430316 0.130562 0.472951
1 0.230070 0.589637 0.086203 0.702365
1 0.262828 0.445796 0.054031 0.327237
1 0.272187 0.334590 0.036469 0.158876
1 0.361234 0.296581 0.038875 0.065574
1 0.066508 0.370422 0.034047 0.138595
28 0.044188 0.289988 0.066562 0.070422
1 0.654484 0.279660 0.020781 0.077588
1 0.054422 0.354098 0.046969 0.200422
27 0.377781 0.390913 0.162906 0.490913
31 0.958297 0.421780 0.051906 0.112927
31 0.063586 0.374719 0.018609 0.047658
1 0.097039 0.363689 0.026766 0.170609
1 0.324891 0.422201 0.080344 0.358782
