37 0.383781 0.592719 0.009531 0.013187
37 0.313805 0.567104 0.006297 0.007083
1 0.777945 0.561135 0.015422 0.059479
1 0.571039 0.554865 0.017703 0.043771
1 0.553656 0.547625 0.010000 0.037333
1 0.267273 0.559115 0.029297 0.073896
1 0.630555 0.550875 0.009266 0.040875
1 0.944242 0.552094 0.022203 0.046312
1 0.986438 0.554604 0.012125 0.028167
37 0.385313 0.564698 0.005562 0.007854
37 0.902687 0.562917 0.006750 0.008167
1 0.768703 0.550031 0.010562 0.035521
1 0.491391 0.546437 0.011750 0.047250
1 0.299133 0.569135 0.021516 0.080104
1 0.526719 0.548073 0.008625 0.022229
37 0.575961 0.573729 0.007797 0.007250
37 0.279883 0.590104 0.009109 0.012000
37 0.530062 0.562104 0.007594 0.008167
1 0.958937 0.551302 0.010844 0.029354
37 0.095141 0.566719 0.007625 0.009104
37 0.874531 0.563812 0.002125 0.003167
1 0.453234 0.545802 0.011281 0.023604
