64 0.487523 0.410302 0.117578 0.164563
44 0.052812 0.927438 0.060375 0.144167
44 0.084133 0.861760 0.049859 0.111937
44 0.034500 0.879594 0.044406 0.218146
44 0.098141 0.926656 0.028875 0.104896
44 0.088000 0.968615 0.042688 0.062771
1 0.228375 0.629219 0.126406 0.611229
1 0.734273 0.496625 0.531453 0.970792
77 0.675078 0.475958 0.071313 0.168167
82 0.089563 0.651219 0.179125 0.697146
85 0.215148 0.179354 0.055047 0.072125
51 0.547492 0.666573 0.056047 0.035396
78 0.684789 0.651167 0.093797 0.123417
81 0.410352 0.585552 0.068422 0.063646
55 0.696648 0.714000 0.029203 0.040375
55 0.639008 0.723323 0.029203 0.025187
55 0.521234 0.604385 0.017563 0.016188
85 0.692578 0.609865 0.012812 0.015688
18 0.402766 0.972240 0.144156 0.055521
44 0.009281 0.969927 0.018563 0.058813
55 0.671828 0.717375 0.037781 0.018708
55 0.545203 0.606812 0.013094 0.015375
55 0.536656 0.610802 0.010906 0.008437
