44 0.722531 0.714271 0.060844 0.261667
67 0.636289 0.725167 0.727422 0.521458
1 0.244188 0.595292 0.389125 0.662417
1 0.585672 0.432917 0.215750 0.329208
1 0.310953 0.313635 0.116281 0.280896
1 0.049164 0.162333 0.080172 0.111542
15 0.922297 0.601344 0.155406 0.231979
15 0.184547 0.864042 0.369094 0.271917
47 0.451430 0.520292 0.026734 0.064250
47 0.388609 0.562208 0.033719 0.099250
47 0.684258 0.711708 0.040172 0.084542
48 0.659625 0.906531 0.123313 0.108104
48 0.328625 0.613344 0.035094 0.069021
49 0.671727 0.927427 0.119922 0.111521
1 0.762492 0.503646 0.235578 0.418208
1 0.057453 0.507260 0.114906 0.323729
15 0.384875 0.384927 0.079656 0.179104
15 0.177102 0.265198 0.052297 0.087354
31 0.790914 0.859125 0.093172 0.114292
44 0.481820 0.596354 0.050109 0.123417
49 0.340430 0.610354 0.036828 0.079125
67 0.156250 0.402031 0.305750 0.301812
67 0.043273 0.262833 0.082797 0.083833
1 0.202188 0.235167 0.114156 0.161083
1 0.096164 0.204656 0.192328 0.190229
46 0.421242 0.588104 0.036734 0.058292
47 0.432398 0.514979 0.012859 0.053708
48 0.600148 0.633646 0.059422 0.032958
48 0.432695 0.482844 0.054828 0.020146
51 0.884742 0.767865 0.095453 0.082354
51 0.331273 0.581531 0.085703 0.070938
51 0.361180 0.533781 0.027891 0.035646
51 0.142984 0.370312 0.040750 0.025333
51 0.348328 0.480760 0.073719 0.038646
50 0.336586 0.467094 0.019484 0.039062
49 0.417570 0.485490 0.073672 0.027312
47 0.111469 0.328083 0.014031 0.059875
