37 0.393588 0.718531 0.070230 0.051906
37 0.741925 0.472008 0.029079 0.021703
37 0.844446 0.465422 0.027134 0.019625
1 0.746328 0.409562 0.073410 0.139281
1 0.341747 0.524406 0.306004 0.351844
1 0.866956 0.402719 0.086757 0.154812
1 0.954100 0.331172 0.011841 0.016188
1 0.597448 0.323117 0.007364 0.019641
1 0.606538 0.320469 0.011067 0.020344
1 0.932657 0.332305 0.009289 0.022672
1 0.408431 0.321836 0.010753 0.019141
1 0.372500 0.323391 0.011987 0.019406
1 0.385429 0.319867 0.008013 0.014578
1 0.377333 0.320742 0.011402 0.022547
