7 0.784547 0.337521 0.429781 0.658417
27 0.295172 0.265396 0.116156 0.247167
27 0.639797 0.190333 0.066312 0.127125
27 0.452523 0.208219 0.055234 0.179604
1 0.297773 0.403562 0.253453 0.724875
1 0.823648 0.515094 0.164328 0.589688
1 0.701234 0.280271 0.084094 0.385667
1 0.512359 0.503365 0.195500 0.786521
27 0.570453 0.162302 0.052062 0.118438
1 0.633648 0.275135 0.099672 0.396729
1 0.577977 0.143344 0.063359 0.138271
1 0.581625 0.078823 0.041406 0.078104
1 0.504281 0.161406 0.081219 0.190312
1 0.373125 0.314865 0.095094 0.487813
1 0.888422 0.801271 0.223156 0.369125
