4 0.372938 0.534198 0.239156 0.235562
9 0.721633 0.729646 0.556734 0.503375
9 0.810766 0.374604 0.019219 0.008958
1 0.616992 0.600010 0.074109 0.253354
1 0.510273 0.625917 0.102109 0.222000
1 0.391984 0.448917 0.045094 0.082500
1 0.349930 0.442875 0.035453 0.104750
1 0.242047 0.472646 0.059281 0.280917
1 0.173437 0.460802 0.032813 0.140104
1 0.330750 0.475771 0.025625 0.040625
1 0.238430 0.495240 0.093078 0.235979
1 0.305305 0.462750 0.029703 0.042292
1 0.214969 0.365604 0.030531 0.053500
1 0.185758 0.374333 0.019828 0.044208
1 0.138711 0.447813 0.048672 0.183500
1 0.026109 0.405062 0.052219 0.129167
