72 0.144510 0.680420 0.232460 0.264144
44 0.220920 0.870240 0.099400 0.259520
44 0.367290 0.938874 0.025780 0.122252
63 0.747470 0.787162 0.505060 0.425135
63 0.911770 0.430826 0.176460 0.591381
1 0.649570 0.523859 0.658860 0.931321
64 0.796650 0.256126 0.115700 0.142222
64 0.967110 0.079489 0.065780 0.158739
85 0.050150 0.466156 0.070620 0.181381
48 0.403630 0.918604 0.068260 0.106697
62 0.964460 0.809910 0.071080 0.380180
62 0.481640 0.661231 0.055440 0.138739
64 0.895000 0.204955 0.087480 0.176697
