28 0.181862 0.202760 0.225706 0.090840
28 0.710030 0.169990 0.108048 0.028900
28 0.822252 0.178020 0.097117 0.036520
3 0.338589 0.185330 0.041742 0.019460
1 0.471817 0.235170 0.066697 0.096700
1 0.833408 0.236120 0.056607 0.115640
1 0.725255 0.241390 0.077117 0.114300
1 0.130901 0.316090 0.207267 0.187020
27 0.831622 0.213740 0.029790 0.039080
27 0.729054 0.219970 0.041592 0.048380
27 0.904955 0.227780 0.040781 0.047760
28 0.472357 0.177510 0.083694 0.023500
28 0.908213 0.195020 0.094264 0.032240
1 0.897793 0.246860 0.057628 0.092520
