2 0.456000 0.710083 0.046094 0.169375
3 0.524813 0.604906 0.099219 0.142521
3 0.903648 0.753927 0.192703 0.447188
4 0.646312 0.737000 0.129344 0.283708
4 0.037078 0.640594 0.057531 0.063146
4 0.543492 0.642948 0.058172 0.074437
4 0.577391 0.629500 0.040719 0.122375
4 0.817953 0.731615 0.057937 0.212438
1 0.649500 0.666500 0.121250 0.312417
1 0.819891 0.653615 0.088219 0.278729
1 0.585570 0.598271 0.041641 0.127625
1 0.541961 0.598302 0.046609 0.116979
1 0.232609 0.709750 0.098000 0.338958
1 0.088578 0.576187 0.021563 0.028750
3 0.029937 0.606479 0.059625 0.070500
22 0.389328 0.595510 0.222469 0.543812
3 0.114844 0.565010 0.081375 0.044146
1 0.056648 0.605208 0.048297 0.097208
3 0.582922 0.552063 0.060094 0.043458
8 0.184430 0.627896 0.241016 0.183792
13 0.908797 0.479979 0.025406 0.141583
1 0.460578 0.683635 0.044094 0.155479
3 0.767961 0.557844 0.047453 0.017646
62 0.190289 0.309542 0.037922 0.039750
62 0.287781 0.298021 0.029313 0.032667
