44 0.910078 0.852677 0.019250 0.072604
44 0.902297 0.629156 0.011562 0.070479
47 0.219500 0.715688 0.021438 0.028583
47 0.240484 0.706813 0.026687 0.031667
51 0.238836 0.705198 0.028234 0.032271
51 0.271703 0.646854 0.040188 0.018167
51 0.271883 0.632333 0.041516 0.015333
79 0.800563 0.770792 0.195500 0.305625
80 0.562703 0.619552 0.052438 0.046771
81 0.466078 0.676708 0.078312 0.019167
51 0.213188 0.659438 0.027000 0.030417
51 0.226773 0.656542 0.025266 0.032042
47 0.038789 0.703823 0.026047 0.050021
50 0.916320 0.587281 0.011203 0.017021
