3 0.872641 0.821672 0.169085 0.060500
3 0.664941 0.794633 0.104249 0.043484
3 0.512465 0.771195 0.072394 0.026297
3 0.388779 0.752148 0.047277 0.020016
6 0.187887 0.806914 0.198779 0.180016
1 0.818979 0.770711 0.016408 0.037266
1 0.697242 0.767273 0.017300 0.038766
1 0.753075 0.767508 0.016479 0.035234
85 0.540869 0.294273 0.094601 0.058453
1 0.638298 0.753953 0.023685 0.016594
1 0.563979 0.749078 0.012324 0.012375
1 0.601690 0.754273 0.010141 0.027016
1 0.577676 0.750117 0.017465 0.017422
1 0.652688 0.748844 0.014577 0.017656
6 0.304343 0.745977 0.049906 0.033797
1 0.041678 0.774773 0.033592 0.020141
1 0.432547 0.751688 0.013732 0.023375
3 0.358779 0.746820 0.028873 0.019547
6 0.321737 0.734492 0.046854 0.053328
1 0.707523 0.770742 0.012042 0.036578
1 0.424366 0.747844 0.007230 0.017688
