3 0.831375 0.625500 0.337250 0.521250
3 0.745117 0.504281 0.278359 0.376896
3 0.661781 0.362344 0.181938 0.175604
3 0.842703 0.167604 0.064906 0.068583
3 0.803445 0.281115 0.095297 0.073938
14 0.581180 0.378396 0.062984 0.102042
1 0.459266 0.587646 0.396062 0.802250
1 0.215984 0.365490 0.075187 0.141646
1 0.659789 0.183063 0.049484 0.045417
1 0.399867 0.189823 0.013766 0.055313
8 0.629500 0.238760 0.274719 0.224729
14 0.508766 0.351052 0.038031 0.066646
8 0.761391 0.080031 0.082219 0.122521
14 0.819016 0.094073 0.004125 0.014813
3 0.748195 0.166063 0.049922 0.077792
3 0.989547 0.278385 0.020906 0.101479
3 0.743484 0.258323 0.041688 0.113937
77 0.569602 0.816042 0.052547 0.124792
