3 0.520961 0.845719 0.058078 0.067896
3 0.603203 0.848781 0.055188 0.060021
3 0.472320 0.819677 0.025266 0.022729
4 0.665148 0.867719 0.017578 0.033021
4 0.247672 0.893844 0.046281 0.086604
1 0.665203 0.834240 0.021875 0.025396
10 0.178656 0.734833 0.026969 0.071917
10 0.630492 0.588292 0.046891 0.021667
10 0.341898 0.576323 0.050109 0.022271
10 0.287258 0.582323 0.057047 0.042271
3 0.975516 0.899698 0.048219 0.199687
4 0.315312 0.827906 0.006594 0.014604
8 0.385562 0.860677 0.090969 0.112062
16 0.510836 0.383031 0.009891 0.008604
16 0.573641 0.429062 0.008438 0.004083
27 0.064039 0.846823 0.114609 0.256188
1 0.056609 0.727177 0.047000 0.034563
1 0.871898 0.844250 0.019578 0.112875
1 0.795797 0.817948 0.022812 0.037896
1 0.383281 0.823792 0.016094 0.024042
1 0.246586 0.856698 0.035609 0.108896
8 0.535937 0.826281 0.045406 0.081687
