42 0.788477 0.462833 0.086297 0.014917
42 0.132594 0.436844 0.104406 0.014687
42 0.284086 0.418604 0.099672 0.017708
42 0.448852 0.647156 0.151016 0.030687
1 0.417969 0.614208 0.046938 0.051292
1 0.289422 0.391177 0.033531 0.062146
1 0.553992 0.575021 0.037922 0.024958
1 0.621180 0.523333 0.050641 0.024583
1 0.791945 0.425250 0.021172 0.065708
42 0.638602 0.531438 0.081391 0.008250
1 0.143367 0.401344 0.035453 0.077063
42 0.551242 0.579990 0.043172 0.022146
42 0.038594 0.698813 0.033125 0.020333
1 0.060867 0.693260 0.067016 0.023646
