44 0.521164 0.607096 0.016766 0.060468
1 0.207180 0.577611 0.109203 0.500000
1 0.668352 0.675035 0.237891 0.541124
1 0.543539 0.534590 0.088766 0.506838
1 0.134539 0.451557 0.087547 0.502974
41 0.389203 0.798630 0.085500 0.112389
41 0.235484 0.723431 0.056031 0.293372
41 0.566828 0.696136 0.042312 0.217611
44 0.717969 0.802213 0.029656 0.097822
3 0.266078 0.463080 0.032063 0.054356
3 0.347453 0.448548 0.015156 0.017939
27 0.821703 0.893478 0.105125 0.209625
1 0.129102 0.496101 0.258203 0.981803
1 0.447969 0.549356 0.213156 0.584426
