40 0.506086 0.640539 0.029859 0.036347
1 0.820703 0.443454 0.065281 0.260913
1 0.536984 0.636803 0.116813 0.349204
1 0.588797 0.221300 0.042125 0.182974
1 0.674586 0.211358 0.059953 0.205527
1 0.979844 0.222073 0.030312 0.134778
1 0.840328 0.161557 0.038625 0.058618
1 0.473984 0.181698 0.042781 0.057869
62 0.627555 0.177494 0.018172 0.028946
1 0.363258 0.191569 0.032828 0.091475
1 0.903680 0.246768 0.023484 0.034473
1 0.331547 0.172681 0.047125 0.120492
1 0.525055 0.108981 0.061266 0.129766
1 0.391094 0.336077 0.075375 0.213419
1 0.598516 0.157482 0.031750 0.162365
62 0.553203 0.064204 0.029656 0.049391
62 0.531875 0.014075 0.028250 0.022810
62 0.802602 0.179227 0.030672 0.019204
62 0.569953 0.084696 0.018594 0.021897
62 0.767125 0.175621 0.011437 0.015972
62 0.721766 0.151288 0.036312 0.033349
62 0.721938 0.109824 0.013000 0.024941
62 0.714031 0.205047 0.020938 0.018197
