72 0.394898 0.477558 0.109828 0.128341
62 0.895031 0.636857 0.086469 0.211192
62 0.927531 0.587348 0.045781 0.135257
63 0.785492 0.716589 0.296891 0.282336
63 0.467836 0.766308 0.355891 0.384112
67 0.926977 0.566460 0.032234 0.010958
67 0.964508 0.584463 0.070984 0.104252
62 0.980945 0.610806 0.038109 0.136379
64 0.396969 0.267114 0.030906 0.062687
65 0.158359 0.551986 0.067656 0.148178
86 0.274820 0.404673 0.010641 0.041308
86 0.396836 0.288832 0.017016 0.014673
88 0.259000 0.411741 0.018969 0.024790
64 0.963672 0.752243 0.070031 0.213645
86 0.962805 0.554568 0.026766 0.022547
