38 0.458531 0.368417 0.347031 0.447904
38 0.637023 0.097904 0.019453 0.029294
38 0.625344 0.123690 0.012844 0.018724
38 0.202469 0.356344 0.011031 0.019021
38 0.447047 0.107221 0.008687 0.016720
38 0.060523 0.061503 0.014672 0.016036
38 0.124820 0.033257 0.013797 0.008929
1 0.544500 0.721629 0.089219 0.355421
1 0.244016 0.760706 0.122812 0.331754
1 0.178633 0.687882 0.055859 0.190752
1 0.271188 0.641606 0.013094 0.093144
1 0.317023 0.623656 0.019891 0.057836
1 0.462117 0.611913 0.009766 0.045558
1 0.804031 0.648633 0.019469 0.104647
1 0.781125 0.664522 0.024563 0.074692
1 0.700586 0.673030 0.053953 0.137084
1 0.115789 0.612688 0.012078 0.021139
38 0.775789 0.223360 0.007359 0.004579
38 0.448727 0.012540 0.012078 0.015421
1 0.905148 0.679385 0.024953 0.054533
38 0.383477 0.007551 0.012641 0.014784
1 0.365070 0.657301 0.023297 0.105809
1 0.393898 0.641640 0.014203 0.087836
