3 0.288230 0.821933 0.152660 0.090853
1 0.110960 0.862560 0.061120 0.215680
1 0.077110 0.780787 0.039860 0.057573
38 0.815330 0.118907 0.037380 0.041707
38 0.304750 0.307760 0.038460 0.045920
38 0.795000 0.455293 0.157040 0.195280
38 0.182190 0.046693 0.033100 0.030293
38 0.167990 0.219027 0.066340 0.170053
38 0.556540 0.720693 0.284840 0.198347
38 0.232940 0.630600 0.120000 0.249413
38 0.558810 0.680187 0.093260 0.099253
1 0.187310 0.788440 0.006780 0.014267
1 0.476010 0.795267 0.031780 0.085040
62 0.401750 0.831227 0.025700 0.042240
27 0.118140 0.827573 0.039760 0.079040
38 0.696360 0.787600 0.195080 0.075840
38 0.881620 0.797760 0.115600 0.070027
1 0.166070 0.791373 0.007020 0.010000
1 0.036030 0.859747 0.068180 0.238960
1 0.209820 0.788587 0.006920 0.017547
1 0.221450 0.784787 0.004420 0.010800
