64 0.924687 0.570210 0.054375 0.112290
64 0.821977 0.472921 0.055891 0.072243
72 0.386031 0.500105 0.043906 0.085724
17 0.129453 0.944755 0.090875 0.110491
62 0.465430 0.619194 0.128266 0.232500
62 0.631992 0.543131 0.039641 0.025935
63 0.625609 0.716133 0.391188 0.356986
63 0.790734 0.808797 0.410438 0.351519
64 0.846891 0.622033 0.084469 0.124953
84 0.146594 0.573364 0.008812 0.037056
84 0.197094 0.554007 0.110719 0.080771
84 0.236492 0.731098 0.022422 0.049533
84 0.232258 0.608797 0.013359 0.053294
84 0.213945 0.681612 0.010047 0.049953
84 0.155617 0.641916 0.024641 0.048832
84 0.203281 0.685678 0.014250 0.054206
84 0.221008 0.611460 0.016047 0.051939
1 0.488953 0.404404 0.050438 0.086332
55 0.554453 0.440491 0.018875 0.026916
62 0.797805 0.553481 0.062328 0.059907
62 0.694156 0.537185 0.090656 0.060397
76 0.413766 0.546180 0.046500 0.020537
78 0.725648 0.461343 0.067047 0.050117
84 0.180727 0.693002 0.014234 0.054603
84 0.244000 0.728470 0.013625 0.051238
86 0.294906 0.898563 0.015813 0.045771
86 0.425500 0.846425 0.016938 0.043692
67 0.814836 0.526297 0.143422 0.040117
84 0.204961 0.618680 0.010328 0.049042
84 0.201797 0.495631 0.008219 0.034953
84 0.190180 0.494696 0.122984 0.050841
86 0.359852 0.843224 0.059547 0.096636
