7 0.521547 0.496624 0.446188 0.413482
7 0.873367 0.479212 0.252984 0.136071
7 0.059688 0.491012 0.101469 0.164047
1 0.233695 0.704800 0.169922 0.277082
1 0.338023 0.513082 0.022141 0.103812
1 0.313734 0.491047 0.011750 0.050000
1 0.301805 0.497188 0.009609 0.058329
1 0.277906 0.506859 0.027281 0.046941
1 0.282039 0.500000 0.016484 0.035765
15 0.075359 0.717976 0.150719 0.155059
15 0.189773 0.740682 0.123828 0.134965
27 0.337562 0.492165 0.017031 0.035576
31 0.189617 0.724918 0.079203 0.086729
62 0.273477 0.517400 0.019516 0.022471
63 0.191008 0.480906 0.104453 0.067412
77 0.187359 0.599247 0.004250 0.011576
85 0.391477 0.389529 0.028859 0.043106
1 0.295234 0.481553 0.012625 0.038306
