75 0.081031 0.898094 0.033000 0.046562
75 0.677211 0.710177 0.030016 0.063854
1 0.260398 0.532583 0.487078 0.907875
67 0.466383 0.446646 0.114922 0.304667
67 0.951523 0.467354 0.087984 0.061292
85 0.045602 0.156708 0.022703 0.032792
1 0.682922 0.256167 0.091656 0.245000
1 0.758445 0.576573 0.314203 0.822062
1 0.951883 0.422052 0.095672 0.614396
1 0.902070 0.276448 0.081672 0.314438
1 0.807922 0.179000 0.108250 0.160833
1 0.858563 0.221521 0.029125 0.183375
1 0.714813 0.190635 0.031438 0.069854
1 0.613594 0.313708 0.079563 0.341667
1 0.842516 0.194854 0.040125 0.110250
62 0.059883 0.779073 0.119766 0.441854
62 0.873703 0.815333 0.161688 0.369333
62 0.405750 0.371823 0.075563 0.088229
62 0.643914 0.342281 0.009328 0.090437
62 0.111297 0.306990 0.038500 0.070604
