1 0.109711 0.515738 0.112484 0.478033
1 0.598664 0.599895 0.146078 0.320539
1 0.729688 0.496054 0.495500 0.984192
41 0.248172 0.802763 0.161156 0.042623
41 0.613922 0.755539 0.092781 0.036230
27 0.249680 0.424075 0.132922 0.135316
31 0.059617 0.467881 0.052672 0.111171
1 0.051391 0.510585 0.095969 0.484731
3 0.174758 0.486639 0.039203 0.069953
3 0.374547 0.500972 0.079063 0.061710
1 0.272367 0.613536 0.221578 0.397658
1 0.481516 0.444508 0.011281 0.024239
1 0.410367 0.439602 0.015734 0.034660
3 0.500203 0.495398 0.141250 0.090468
3 0.009859 0.503770 0.019094 0.065948
3 0.422633 0.487037 0.073578 0.064239
14 0.471172 0.476944 0.004812 0.026066
41 0.250984 0.835468 0.127844 0.043958
8 0.501125 0.488466 0.140125 0.082881
14 0.461867 0.476956 0.007141 0.025059
