77 0.653990 0.467760 0.046140 0.109387
47 0.439280 0.055613 0.042600 0.043867
47 0.543510 0.057173 0.032980 0.089813
47 0.469430 0.046600 0.027620 0.070320
62 0.858930 0.283453 0.278060 0.528560
62 0.349720 0.170787 0.190440 0.337093
67 0.236800 0.778653 0.470240 0.406747
67 0.956930 0.176800 0.086140 0.072053
67 0.147320 0.048960 0.200640 0.058827
15 0.348710 0.192213 0.198700 0.384427
15 0.126630 0.135067 0.225980 0.259733
15 0.759710 0.244200 0.218620 0.488187
62 0.587920 0.839027 0.604640 0.318640
62 0.235890 0.171693 0.102900 0.321680
62 0.139290 0.136360 0.200660 0.257147
1 0.675000 0.161560 0.247400 0.314267
1 0.422580 0.095800 0.096800 0.191600
15 0.870130 0.309093 0.259740 0.592213
1 0.611110 0.581480 0.522220 0.827173
