28 0.741945 0.108719 0.114766 0.129729
85 0.089188 0.205510 0.029812 0.055479
1 0.473008 0.538792 0.066766 0.234750
1 0.970258 0.196260 0.032141 0.043771
1 0.889867 0.921833 0.220266 0.156333
1 0.663398 0.219667 0.044141 0.077583
1 0.749648 0.143927 0.034484 0.057937
1 0.033664 0.246781 0.031609 0.109271
1 0.845773 0.189271 0.028453 0.053250
1 0.771836 0.196281 0.023609 0.038396
1 0.636352 0.223312 0.030328 0.065833
43 0.427609 0.486885 0.041344 0.056354
1 0.705922 0.176792 0.040500 0.103792
85 0.116187 0.199333 0.025875 0.030667
1 0.901445 0.183458 0.027422 0.040875
1 0.026336 0.363448 0.052109 0.168813
1 0.568836 0.918188 0.148047 0.137667
62 0.005758 0.426490 0.011516 0.037854
