16 0.800896 0.934656 0.014060 0.011406
16 0.726872 0.951195 0.017364 0.014547
16 0.876230 0.902609 0.009156 0.007281
16 0.777258 0.919852 0.019402 0.017234
16 0.743322 0.918555 0.015782 0.009828
16 0.984649 0.965391 0.026134 0.017906
16 0.949288 0.949961 0.016046 0.013359
16 0.923339 0.943062 0.019192 0.012250
16 0.915598 0.931430 0.017557 0.014453
16 0.903673 0.945211 0.016169 0.010172
16 0.874859 0.949398 0.022443 0.019953
16 0.855325 0.924805 0.012056 0.008828
3 0.187135 0.860555 0.140316 0.050641
3 0.097276 0.851227 0.089420 0.051047
1 0.826371 0.836227 0.019033 0.027453
1 0.767996 0.837414 0.017961 0.014797
1 0.634429 0.828180 0.009174 0.020391
16 0.806714 0.924617 0.020211 0.009766
3 0.022496 0.840344 0.044991 0.031750
15 0.354657 0.897359 0.045062 0.040313
16 0.766845 0.964156 0.018436 0.015156
1 0.644490 0.827914 0.015167 0.023609
3 0.056547 0.844789 0.025817 0.023328
