3 0.041430 0.452845 0.036078 0.038806
10 0.026234 0.376347 0.005562 0.017283
1 0.662344 0.566230 0.113656 0.241358
1 0.564258 0.585585 0.094672 0.220726
1 0.629078 0.468080 0.076719 0.229977
1 0.713148 0.746944 0.363016 0.504754
1 0.839727 0.486897 0.061016 0.085363
1 0.131133 0.514087 0.013703 0.041288
15 0.811102 0.728091 0.377797 0.543817
84 0.697242 0.786042 0.117203 0.108103
31 0.583344 0.614426 0.063625 0.159906
3 0.045531 0.727166 0.026188 0.100749
3 0.015102 0.408571 0.029797 0.038923
3 0.005289 0.387857 0.010391 0.018525
8 0.245703 0.445176 0.019375 0.058735
10 0.007672 0.355293 0.008750 0.021920
1 0.143609 0.483735 0.009031 0.043677
1 0.188305 0.455070 0.005953 0.022084
3 0.030695 0.440492 0.025234 0.024824
3 0.023820 0.424602 0.026797 0.033372
10 0.114000 0.424941 0.012906 0.011241
10 0.206203 0.515176 0.010156 0.014614
64 0.905953 0.543056 0.069219 0.140726
