44 0.482859 0.407752 0.024781 0.150398
67 0.409570 0.604122 0.260328 0.193724
1 0.763188 0.346674 0.195000 0.291101
1 0.301992 0.282564 0.134047 0.244614
1 0.135688 0.381639 0.127438 0.305621
1 0.216117 0.676628 0.314766 0.604965
1 0.869125 0.269368 0.112500 0.263232
46 0.475727 0.566944 0.032359 0.091218
46 0.401281 0.523665 0.025344 0.123021
46 0.381992 0.461557 0.024828 0.112670
46 0.335047 0.483407 0.025031 0.073326
46 0.675852 0.527002 0.041547 0.122810
46 0.721992 0.519379 0.027172 0.121475
46 0.613547 0.428770 0.018563 0.074309
46 0.564398 0.420164 0.022141 0.059251
46 0.352969 0.543876 0.031000 0.088407
46 0.404609 0.410913 0.026156 0.089227
1 0.461953 0.280913 0.124687 0.243279
1 0.957414 0.496920 0.085172 0.404941
1 0.210305 0.109941 0.052859 0.078244
1 0.086008 0.500504 0.133797 0.375199
46 0.682992 0.398056 0.024672 0.072178
46 0.549836 0.398817 0.024516 0.091265
48 0.312922 0.606487 0.062406 0.056721
48 0.300953 0.606183 0.042812 0.040375
48 0.640281 0.656628 0.022687 0.037190
48 0.473031 0.658419 0.010500 0.040445
49 0.434648 0.663653 0.053422 0.068806
49 0.300406 0.596019 0.071250 0.028244
50 0.717641 0.565995 0.015625 0.031382
62 0.149383 0.258244 0.061859 0.155269
62 0.556984 0.905621 0.259375 0.166276
62 0.072797 0.242681 0.051562 0.119836
67 0.226930 0.199602 0.087797 0.075316
1 0.978273 0.190304 0.039578 0.223888
1 0.834977 0.129520 0.038203 0.082646
62 0.686859 0.321054 0.058719 0.095176
62 0.921063 0.854543 0.143844 0.249368
62 0.113828 0.839578 0.165750 0.320843
62 0.841984 0.340386 0.051250 0.114122
62 0.403914 0.325644 0.017641 0.084403
62 0.042906 0.721440 0.072250 0.402600
62 0.458586 0.164379 0.047422 0.104309
67 0.344297 0.112693 0.017313 0.024965
67 0.650430 0.523290 0.064766 0.171499
67 0.071742 0.167225 0.016203 0.009859
67 0.661469 0.200410 0.035469 0.027190
1 0.825680 0.692740 0.331766 0.614520
1 0.621125 0.307400 0.131250 0.227260
46 0.440852 0.385152 0.019453 0.026838
48 0.768789 0.597155 0.052203 0.038852
48 0.759391 0.590035 0.076438 0.046440
62 0.339898 0.192447 0.024953 0.115152
62 0.901602 0.331698 0.072703 0.120211
