3 0.579836 0.660609 0.047703 0.091812
3 0.790063 0.823742 0.419875 0.345328
3 0.597156 0.592922 0.074406 0.070906
6 0.370781 0.670789 0.377531 0.361797
1 0.615000 0.749688 0.057625 0.130656
1 0.658516 0.606984 0.028094 0.095250
10 0.823320 0.435633 0.036203 0.093016
10 0.231687 0.231391 0.076594 0.160469
31 0.610047 0.783172 0.045500 0.040313
1 0.692742 0.597000 0.040016 0.086469
3 0.678008 0.548234 0.052234 0.031656
3 0.871242 0.865258 0.257516 0.269484
3 0.068172 0.628820 0.102000 0.076672
3 0.164961 0.603516 0.078141 0.061937
3 0.013664 0.639039 0.027328 0.083109
