62 0.574179 0.557383 0.137874 0.107609
62 0.705547 0.755633 0.282211 0.445953
62 0.179895 0.737898 0.200084 0.408359
62 0.425947 0.784773 0.366000 0.430453
67 0.510842 0.780195 0.649937 0.437141
51 0.471453 0.611758 0.167326 0.064047
52 0.472295 0.602297 0.102821 0.031219
52 0.495000 0.606008 0.101958 0.022297
52 0.441621 0.599922 0.078021 0.032781
84 0.295895 0.491742 0.016968 0.066016
84 0.279832 0.492570 0.018568 0.065391
84 0.286589 0.410672 0.005937 0.032313
84 0.341316 0.404180 0.165621 0.048703
84 0.345663 0.488312 0.179705 0.076219
84 0.265747 0.563953 0.018526 0.022625
84 0.294800 0.562422 0.032253 0.020156
84 0.334958 0.554312 0.033200 0.029437
84 0.298653 0.560398 0.027495 0.021703
52 0.480474 0.615586 0.086842 0.014891
