1 0.606750 0.448313 0.500375 0.555063
46 0.588760 0.661797 0.206729 0.370781
46 0.118979 0.645414 0.225292 0.341141
46 0.954542 0.645727 0.090917 0.302141
47 0.218167 0.695437 0.129375 0.121313
50 0.450823 0.762437 0.152188 0.037281
51 0.722094 0.842695 0.323604 0.179766
1 0.384823 0.409391 0.064938 0.132438
49 0.196271 0.958398 0.277000 0.070703
82 0.858000 0.403219 0.284000 0.616719
48 0.450167 0.734664 0.245875 0.045453
50 0.679115 0.790852 0.033479 0.085297
62 0.946490 0.598531 0.107021 0.219719
62 0.339875 0.484430 0.125333 0.159734
67 0.501604 0.935273 0.886583 0.124672
