37 0.653969 0.502523 0.018844 0.023545
1 0.328758 0.599624 0.215453 0.462394
1 0.718219 0.500563 0.090156 0.203146
1 0.603273 0.469026 0.028609 0.042136
1 0.678297 0.394061 0.062250 0.129484
1 0.892547 0.194836 0.055469 0.101737
1 0.947211 0.319413 0.063672 0.093850
1 0.546750 0.027782 0.053531 0.052653
43 0.412422 0.411690 0.067594 0.105117
62 0.808188 0.417007 0.047406 0.031479
62 0.708578 0.535012 0.066781 0.045657
62 0.714070 0.311772 0.021047 0.029695
62 0.806742 0.390446 0.048828 0.018592
1 0.611625 0.400446 0.072875 0.130751
1 0.758953 0.391185 0.082687 0.126925
1 0.876000 0.392007 0.064219 0.125047
1 0.939508 0.394765 0.056703 0.118545
1 0.813195 0.244378 0.051453 0.098803
1 0.813039 0.319519 0.053922 0.112559
