60 0.620727 0.459583 0.033016 0.044292
60 0.716453 0.500948 0.037156 0.044271
60 0.530320 0.424385 0.036672 0.026396
60 0.694367 0.629583 0.044641 0.043917
60 0.695039 0.491958 0.027828 0.041958
60 0.751328 0.338885 0.044906 0.046354
60 0.697016 0.332635 0.038625 0.056021
60 0.721805 0.470146 0.035734 0.045708
60 0.641578 0.440135 0.036031 0.046229
60 0.597133 0.420500 0.033359 0.033917
60 0.602586 0.454208 0.028609 0.041083
1 0.316672 0.550615 0.500000 0.874063
60 0.651844 0.485812 0.040875 0.030875
60 0.566961 0.439094 0.025734 0.042521
