43 0.427039 0.686885 0.066766 0.192687
1 0.069945 0.151688 0.069109 0.267417
1 0.599656 0.201427 0.091219 0.317563
1 0.725562 0.190635 0.109563 0.314604
1 0.836555 0.204542 0.083734 0.306458
1 0.501125 0.571937 0.193000 0.437917
1 0.258109 0.163583 0.120313 0.277792
1 0.942133 0.216854 0.114609 0.280917
1 0.014570 0.135323 0.028016 0.133646
1 0.454219 0.942323 0.075844 0.092146
15 0.720875 0.248042 0.383031 0.187250
27 0.137234 0.237677 0.066750 0.089979
1 0.615969 0.977115 0.055531 0.043896
62 0.128055 0.205885 0.064641 0.145688
1 0.969992 0.945302 0.060016 0.109396
1 0.558406 0.970896 0.090219 0.058208
1 0.112695 0.954969 0.190422 0.069937
43 0.383102 0.253115 0.029641 0.072646
44 0.721328 0.322396 0.011938 0.045125
44 0.735070 0.319906 0.011422 0.048104
44 0.836508 0.313167 0.013891 0.065833
44 0.566430 0.311948 0.013484 0.048104
44 0.026312 0.258927 0.011781 0.041063
44 0.018281 0.251625 0.009687 0.039583
44 0.268016 0.266104 0.012500 0.046250
62 0.015656 0.203979 0.031313 0.144667
