28 0.415313 0.763888 0.151469 0.107354
28 0.272891 0.798279 0.171125 0.155667
28 0.488922 0.733443 0.094875 0.042576
28 0.599992 0.750855 0.032859 0.041429
1 0.344844 0.874157 0.071969 0.224707
1 0.707313 0.869719 0.093937 0.260562
1 0.183820 0.863033 0.101359 0.229016
1 0.287992 0.893068 0.091953 0.213864
1 0.505758 0.876932 0.045766 0.246136
1 0.849836 0.883689 0.081203 0.232623
1 0.793648 0.881499 0.064359 0.236721
31 0.174359 0.889696 0.055281 0.107963
31 0.420219 0.961815 0.040563 0.076370
31 0.761570 0.927951 0.022391 0.092295
31 0.546086 0.875386 0.034047 0.136066
31 0.786289 0.867436 0.036922 0.099180
1 0.410062 0.830363 0.045469 0.067424
28 0.659320 0.736417 0.015266 0.011148
1 0.568797 0.870504 0.091844 0.233138
27 0.614133 0.826183 0.017109 0.041874
31 0.496070 0.883220 0.039484 0.160398
1 0.057648 0.865386 0.115297 0.269227
28 0.789758 0.737342 0.030453 0.017588
31 0.655258 0.779660 0.003797 0.010609
28 0.634297 0.736815 0.021438 0.009883
1 0.443352 0.907319 0.112484 0.181475
