1 0.222891 0.114115 0.039469 0.128396
1 0.255305 0.091260 0.012984 0.044354
1 0.628555 0.113500 0.008734 0.029125
1 0.062906 0.111885 0.037344 0.032521
38 0.591570 0.537083 0.734828 0.809000
1 0.413227 0.553042 0.209609 0.602708
8 0.130484 0.072906 0.091000 0.058104
8 0.983844 0.128312 0.032313 0.062292
1 0.024359 0.102823 0.027937 0.031563
1 0.028266 0.097656 0.016500 0.019062
1 0.618766 0.112031 0.007500 0.031271
1 0.828836 0.128615 0.012453 0.029813
1 0.438344 0.119885 0.235312 0.239771
1 0.135828 0.080417 0.016219 0.046333
1 0.095477 0.118031 0.035047 0.039854
1 0.753773 0.123292 0.005297 0.024625
