28 0.073694 0.290450 0.145405 0.071260
32 0.568408 0.378590 0.084384 0.225660
32 0.522958 0.218780 0.025736 0.046080
1 0.608393 0.537810 0.552462 0.844260
1 0.310015 0.327700 0.223874 0.322080
1 0.437267 0.247440 0.099039 0.216680
1 0.953378 0.316840 0.093243 0.261160
1 0.075405 0.391880 0.150811 0.128400
1 0.092973 0.243370 0.082643 0.045860
1 0.485150 0.207430 0.090120 0.120020
1 0.908408 0.226810 0.072432 0.097220
1 0.188934 0.250520 0.097928 0.057440
31 0.208709 0.418620 0.072252 0.054920
1 0.346682 0.290490 0.076366 0.247460
1 0.380676 0.235600 0.044114 0.112440
1 0.231261 0.236510 0.043003 0.054500
