62 0.872570 0.259129 0.125672 0.113976
62 0.735773 0.271200 0.106922 0.140424
1 0.750633 0.211788 0.109578 0.259059
1 0.804820 0.181247 0.036984 0.059200
1 0.923625 0.202824 0.101750 0.216847
1 0.982820 0.214212 0.034078 0.164706
46 0.235219 0.290271 0.173250 0.576447
46 0.614258 0.245506 0.114391 0.431341
59 0.554383 0.725847 0.759578 0.512353
28 0.771125 0.078247 0.045562 0.154706
28 0.934430 0.067012 0.131141 0.087529
54 0.876633 0.387188 0.245422 0.251082
1 0.981383 0.203953 0.019859 0.057082
