58 0.322352 0.419112 0.094672 0.150561
58 0.362180 0.596624 0.087172 0.159556
58 0.761367 0.581449 0.078891 0.149486
58 0.631078 0.610759 0.075687 0.159743
58 0.446500 0.433283 0.057437 0.144556
58 0.548453 0.436636 0.060250 0.152944
58 0.426250 0.828820 0.075313 0.186939
58 0.508578 0.609895 0.079969 0.160864
58 0.228758 0.599311 0.079766 0.137500
58 0.203016 0.418400 0.083437 0.148668
58 0.130016 0.607500 0.094437 0.176215
79 0.636305 0.081799 0.725266 0.161215
58 0.380852 0.278516 0.071828 0.129042
58 0.180375 0.309918 0.092250 0.124696
