32 0.644813 0.592118 0.041344 0.179294
1 0.621711 0.612859 0.302328 0.773482
50 0.220047 0.588541 0.032594 0.245506
44 0.139000 0.356282 0.038312 0.103435
44 0.179891 0.369247 0.029469 0.078588
44 0.395273 0.144553 0.039203 0.110518
44 0.358953 0.133588 0.040906 0.118329
44 0.324484 0.138671 0.045437 0.092024
44 0.162820 0.375600 0.016453 0.061553
44 0.213195 0.376753 0.040141 0.069741
44 0.253836 0.378659 0.036672 0.061035
44 0.288758 0.381341 0.037078 0.060847
44 0.472852 0.392000 0.019172 0.058306
51 0.449367 0.620024 0.072766 0.097506
