4 0.883250 0.650556 0.151688 0.276400
4 0.287070 0.509156 0.574141 0.959733
4 0.476539 0.562789 0.033891 0.065978
1 0.850516 0.625167 0.065344 0.268467
1 0.668805 0.545556 0.012797 0.035289
1 0.118008 0.464444 0.057547 0.112667
1 0.031711 0.433756 0.063422 0.172933
1 0.239570 0.483811 0.030891 0.048689
1 0.266914 0.497500 0.031891 0.047533
1 0.825539 0.533967 0.021891 0.051533
1 0.981922 0.569656 0.024375 0.072200
1 0.962680 0.522622 0.013703 0.019111
4 0.447531 0.729856 0.348219 0.540289
4 0.509648 0.728322 0.078891 0.118600
4 0.447742 0.598989 0.137609 0.151044
4 0.740453 0.600000 0.258688 0.765422
4 0.416406 0.599767 0.127156 0.138511
4 0.471422 0.576822 0.038500 0.054756
1 0.655453 0.544356 0.009500 0.038133
1 0.642680 0.539356 0.009797 0.034489
1 0.376891 0.523600 0.015969 0.028000
