49 0.349289 0.700995 0.032141 0.062319
61 0.559289 0.715621 0.195297 0.094801
61 0.553727 0.807342 0.028703 0.039133
1 0.673500 0.421639 0.132906 0.503419
1 0.533750 0.419098 0.206906 0.546066
1 0.265375 0.485386 0.221906 0.480890
1 0.745148 0.242693 0.047984 0.125855
1 0.166523 0.268162 0.049578 0.224052
1 0.278555 0.270597 0.072922 0.156511
1 0.339586 0.217588 0.058234 0.121733
1 0.390211 0.428525 0.107828 0.501967
1 0.440344 0.431136 0.141344 0.527049
1 0.271906 0.237178 0.067656 0.180398
1 0.141430 0.300539 0.062984 0.209133
61 0.756437 0.762248 0.031219 0.036581
61 0.702117 0.777541 0.027984 0.034848
61 0.469508 0.798665 0.030953 0.042155
67 0.772328 0.432225 0.092031 0.100609
49 0.309195 0.715164 0.027141 0.032717
49 0.958102 0.647693 0.070359 0.025129
61 0.610414 0.784262 0.029859 0.038361
61 0.975430 0.687564 0.029016 0.056862
61 0.341656 0.747459 0.021656 0.012342
61 0.493656 0.807389 0.024781 0.020164
61 0.365102 0.754871 0.025828 0.029602
67 0.572039 0.725597 0.855922 0.375316
67 0.156461 0.461311 0.059328 0.103653
1 0.215977 0.202459 0.037609 0.092412
1 0.946305 0.431066 0.107391 0.403724
