37 0.800664 0.470597 0.029609 0.022459
39 0.615109 0.330457 0.087750 0.060445
39 0.335914 0.402904 0.015609 0.212412
40 0.346602 0.526452 0.035672 0.074122
1 0.601070 0.536030 0.240422 0.430187
1 0.846898 0.133185 0.074391 0.154988
1 0.199844 0.542881 0.151344 0.383841
1 0.251734 0.137237 0.098656 0.168431
1 0.036086 0.297447 0.072172 0.423513
1 0.475648 0.134930 0.087859 0.166487
1 0.762930 0.134262 0.098797 0.146979
1 0.246211 0.601370 0.193859 0.287330
1 0.411383 0.146265 0.088047 0.139368
1 0.571313 0.038044 0.096281 0.076089
1 0.077695 0.163384 0.086453 0.128033
1 0.858477 0.161183 0.017453 0.050796
