44 0.907650 0.681551 0.074100 0.257500
1 0.398250 0.308238 0.376660 0.616476
1 0.816200 0.326958 0.214880 0.348313
50 0.557830 0.534036 0.037940 0.104880
50 0.443790 0.535075 0.044260 0.110572
50 0.904900 0.463810 0.014960 0.065030
51 0.338910 0.753584 0.156900 0.163916
51 0.660270 0.796627 0.186500 0.164036
47 0.363390 0.602289 0.047980 0.118072
48 0.839330 0.964925 0.047140 0.066476
51 0.767070 0.582877 0.134060 0.106054
51 0.167010 0.650120 0.054740 0.089458
51 0.592220 0.889639 0.158520 0.195964
51 0.864110 0.611476 0.074980 0.092289
47 0.879830 0.486581 0.036660 0.099006
51 0.900760 0.485286 0.080240 0.097078
44 0.077830 0.802078 0.076140 0.258554
44 0.977760 0.493735 0.044480 0.091145
44 0.668420 0.588117 0.069800 0.162560
61 0.572220 0.532289 0.037040 0.042470
61 0.526460 0.516205 0.048960 0.040000
50 0.825000 0.496687 0.012160 0.037892
