24 0.446063 0.719310 0.233438 0.450560
24 0.319641 0.717444 0.131125 0.383694
24 0.194891 0.754963 0.282625 0.490075
24 0.845266 0.505709 0.214625 0.372761
16 0.500445 0.962146 0.069672 0.075709
16 0.604133 0.911231 0.037641 0.047164
16 0.837172 0.802948 0.019469 0.074701
16 0.734094 0.912108 0.053187 0.083918
16 0.125516 0.874851 0.030125 0.074030
16 0.070031 0.979403 0.048125 0.041194
16 0.513086 0.936511 0.023266 0.075560
16 0.840320 0.767910 0.021953 0.052761
24 0.530258 0.658433 0.187266 0.444925
16 0.205406 0.879907 0.014313 0.036157
