2 0.381350 0.669742 0.762699 0.620172
10 0.695078 0.363359 0.029340 0.059125
1 0.770689 0.500469 0.044097 0.098750
1 0.731689 0.503930 0.028660 0.083016
1 0.975621 0.488977 0.048757 0.160578
1 0.222223 0.488742 0.444447 0.881328
1 0.879456 0.500422 0.034408 0.086313
1 0.646437 0.483609 0.048252 0.057875
1 0.809466 0.505883 0.015942 0.044203
3 0.391835 0.507664 0.618816 0.246922
27 0.634350 0.481125 0.019495 0.033469
31 0.928427 0.485438 0.039806 0.025844
1 0.713369 0.501195 0.018621 0.059234
1 0.951010 0.498609 0.038019 0.134969
31 0.864951 0.483680 0.019456 0.026672
1 0.918019 0.503148 0.020194 0.057609
