1 0.395172 0.457676 0.354594 0.528216
1 0.072148 0.349941 0.056641 0.103685
1 0.121602 0.269660 0.019922 0.034953
1 0.111336 0.298392 0.027016 0.097770
1 0.575055 0.156021 0.026859 0.057911
41 0.382172 0.768545 0.375437 0.152817
1 0.178758 0.220669 0.008359 0.032324
1 0.143703 0.258756 0.020688 0.060892
1 0.543914 0.140822 0.009984 0.038779
1 0.754617 0.187993 0.017422 0.047066
1 0.514086 0.147113 0.020047 0.075540
41 0.872953 0.283181 0.026406 0.024108
41 0.110875 0.349331 0.012438 0.010822
41 0.508555 0.166937 0.006172 0.034343
1 0.897766 0.240822 0.079531 0.110235
