1 0.545560 0.582840 0.168293 0.380760
1 0.240160 0.522500 0.083040 0.142160
1 0.020640 0.459210 0.018880 0.029780
1 0.069147 0.454340 0.008427 0.020600
1 0.104547 0.463370 0.015760 0.031300
1 0.272413 0.452380 0.007760 0.014280
38 0.492693 0.519000 0.240053 0.252520
1 0.082587 0.456190 0.010773 0.023540
1 0.035707 0.456180 0.021387 0.017080
1 0.060027 0.458590 0.012320 0.022060
1 0.917960 0.452120 0.010427 0.005480
1 0.906333 0.458410 0.012827 0.019660
1 0.055333 0.454360 0.010400 0.021080
1 0.005920 0.461660 0.011840 0.027640
