62 0.210672 0.855052 0.175281 0.253937
62 0.081742 0.841573 0.160109 0.289896
62 0.053891 0.751771 0.106906 0.176000
1 0.378375 0.423427 0.192562 0.227479
1 0.260219 0.405854 0.079469 0.142042
1 0.020844 0.388760 0.040219 0.162312
47 0.436008 0.614292 0.041297 0.078208
47 0.161250 0.499781 0.027906 0.043396
47 0.581719 0.663219 0.028563 0.054854
47 0.313688 0.547833 0.021719 0.039333
48 0.263680 0.600490 0.079578 0.038729
48 0.536477 0.757906 0.096328 0.057438
50 0.676687 0.834479 0.101594 0.067208
50 0.323289 0.638292 0.079922 0.034417
50 0.717781 0.696292 0.066938 0.019250
67 0.700281 0.808615 0.598313 0.364063
67 0.221633 0.655062 0.362359 0.334833
67 0.097172 0.520729 0.193188 0.311708
67 0.383406 0.769281 0.410313 0.437229
46 0.186445 0.476406 0.021422 0.070229
47 0.233437 0.514760 0.031969 0.047938
47 0.101891 0.429396 0.039500 0.052000
47 0.115164 0.395708 0.013047 0.015208
49 0.673148 0.832573 0.127453 0.055729
49 0.720609 0.704615 0.096500 0.037229
49 0.328070 0.637031 0.101891 0.027479
46 0.116641 0.409938 0.013813 0.043708
46 0.207781 0.458917 0.020094 0.062292
47 0.601516 0.661250 0.029281 0.056750
47 0.332133 0.543219 0.020109 0.039521
47 0.062844 0.411021 0.017594 0.013208
47 0.830133 0.784760 0.061078 0.098396
47 0.058789 0.439635 0.020453 0.034771
47 0.262578 0.484115 0.025625 0.037812
48 0.494172 0.602010 0.069750 0.015729
48 0.877609 0.747823 0.037844 0.022104
64 0.042805 0.285135 0.058891 0.152354
63 0.237516 0.402021 0.052844 0.084917
63 0.726414 0.591531 0.545922 0.375646
