72 0.946977 0.703091 0.105234 0.247260
62 0.587555 0.706452 0.127703 0.182787
63 0.352250 0.831792 0.302750 0.316136
84 0.853273 0.555094 0.014672 0.079368
84 0.858734 0.557787 0.016188 0.082600
84 0.880641 0.405972 0.013250 0.072037
84 0.825555 0.549906 0.005859 0.072553
84 0.862141 0.409672 0.006500 0.058033
84 0.845938 0.403173 0.022187 0.066534
84 0.863469 0.473571 0.049469 0.020726
84 0.887219 0.404590 0.007969 0.074941
84 0.844812 0.552998 0.026562 0.088103
84 0.830352 0.551581 0.006828 0.083443
84 0.868367 0.561089 0.021953 0.081897
64 0.706852 0.617834 0.051703 0.137260
84 0.852172 0.412635 0.015469 0.055293
84 0.868148 0.489754 0.032828 0.006534
