51 0.265430 0.083198 0.200109 0.166396
79 0.100000 0.236781 0.200000 0.473562
61 0.853023 0.382927 0.140922 0.150812
61 0.846961 0.556240 0.156516 0.190521
61 0.075438 0.093219 0.111156 0.095104
61 0.706469 0.460083 0.149281 0.167042
61 0.416891 0.527271 0.144156 0.171417
61 0.571508 0.377896 0.140766 0.148125
61 0.576664 0.249802 0.115047 0.123896
61 0.429977 0.249010 0.115766 0.120937
61 0.582516 0.529177 0.151812 0.173479
61 0.400367 0.367438 0.132578 0.150208
61 0.250758 0.381125 0.135141 0.145583
61 0.133281 0.255729 0.104219 0.085500
61 0.096117 0.374969 0.106109 0.088104
