1 0.079617 0.717024 0.159234 0.494850
1 0.676297 0.550281 0.018875 0.084930
1 0.184719 0.559018 0.047281 0.201483
1 0.331094 0.650681 0.099687 0.424649
1 0.465516 0.591152 0.108500 0.309679
1 0.570078 0.546012 0.070156 0.270621
1 0.625492 0.564038 0.063297 0.245511
1 0.148055 0.530341 0.043797 0.130341
1 0.249047 0.503958 0.028969 0.093888
1 0.203469 0.491603 0.020156 0.054068
1 0.722922 0.574369 0.048562 0.297996
35 0.754336 0.580140 0.082578 0.394669
35 0.832422 0.593487 0.092188 0.399279
35 0.594680 0.641553 0.123297 0.017896
35 0.222773 0.553427 0.031234 0.216673
35 0.526859 0.627846 0.014750 0.087675
35 0.506000 0.542485 0.046375 0.274108
