38 0.174770 0.351240 0.063500 0.096240
1 0.786770 0.699587 0.137820 0.386427
1 0.691580 0.747400 0.067280 0.285627
1 0.727440 0.756707 0.049880 0.214160
1 0.573410 0.519773 0.041260 0.154267
1 0.410790 0.495053 0.027420 0.099120
1 0.431360 0.636440 0.081000 0.196347
38 0.866800 0.650840 0.092600 0.131813
1 0.240170 0.717293 0.092700 0.393253
1 0.021300 0.648040 0.042600 0.200880
1 0.650670 0.450987 0.045260 0.136587
1 0.816070 0.479533 0.019980 0.087013
1 0.466840 0.490867 0.063280 0.142213
1 0.799500 0.482360 0.018200 0.057573
1 0.438880 0.518573 0.021440 0.049413
38 0.491240 0.287080 0.008240 0.010160
38 0.435110 0.457493 0.015380 0.058827
