1 0.545859 0.476294 0.212188 0.539647
1 0.138336 0.488941 0.087484 0.312376
1 0.345289 0.403753 0.020984 0.041624
1 0.499578 0.368435 0.048531 0.148353
1 0.234719 0.415200 0.077250 0.100659
51 0.337422 0.437306 0.033281 0.019035
51 0.334883 0.453541 0.038047 0.015318
58 0.219023 0.760059 0.013016 0.023224
58 0.229289 0.762306 0.009203 0.024706
58 0.259273 0.758882 0.012859 0.018565
58 0.248773 0.757576 0.009234 0.022024
59 0.421867 0.541965 0.044047 0.022329
59 0.364219 0.608765 0.073875 0.031788
59 0.322695 0.555941 0.011797 0.012871
1 0.324070 0.416718 0.108484 0.092494
54 0.318422 0.521082 0.037312 0.025882
