2 0.209383 0.614521 0.075328 0.066601
6 0.513312 0.470795 0.472219 0.766296
6 0.866469 0.472876 0.267062 0.418911
1 0.106852 0.636318 0.060453 0.230763
1 0.162883 0.693017 0.051703 0.237800
1 0.200484 0.688813 0.048344 0.235664
1 0.210305 0.551285 0.045203 0.069673
6 0.146828 0.486362 0.056344 0.114510
10 0.205484 0.370784 0.053187 0.157298
10 0.237719 0.360675 0.033844 0.146057
1 0.376688 0.492767 0.045188 0.086841
1 0.394906 0.241841 0.035969 0.046993
1 0.353586 0.240991 0.036828 0.043943
1 0.507492 0.232353 0.059422 0.060610
1 0.278562 0.652113 0.012625 0.145272
10 0.110492 0.441841 0.012453 0.033355
77 0.119320 0.549510 0.002391 0.007037
1 0.803813 0.366765 0.028969 0.057451
1 0.256688 0.545795 0.019062 0.097952
27 0.271414 0.614139 0.024516 0.078126
1 0.051227 0.689608 0.068922 0.277908
1 0.018063 0.553192 0.018969 0.075926
10 0.023516 0.419782 0.018000 0.054074
