44 0.768188 0.131135 0.205281 0.260021
44 0.032727 0.414281 0.065453 0.269063
47 0.915219 0.162885 0.169563 0.324271
49 0.127578 0.303385 0.220031 0.085562
50 0.857383 0.425427 0.281891 0.346771
48 0.890102 0.472552 0.216828 0.512979
50 0.768883 0.316208 0.107422 0.136125
51 0.125844 0.101354 0.251688 0.202708
67 0.500000 0.477479 1.000000 0.948208
1 0.495656 0.916271 0.685187 0.167458
47 0.476359 0.030719 0.137313 0.061437
55 0.286602 0.096250 0.111891 0.156417
55 0.366539 0.167094 0.113703 0.154229
55 0.431352 0.073833 0.116578 0.142500
