7 0.451023 0.541101 0.773391 0.399110
1 0.314602 0.236663 0.005234 0.018056
1 0.720352 0.549215 0.015922 0.048595
1 0.292797 0.234204 0.008531 0.019087
16 0.711187 0.371300 0.004969 0.006393
16 0.664313 0.353607 0.003063 0.004028
16 0.692258 0.353700 0.004641 0.005855
1 0.170547 0.227377 0.007000 0.014098
1 0.307266 0.234473 0.006875 0.020234
1 0.108242 0.224215 0.006703 0.012506
1 0.101391 0.222916 0.003500 0.015386
1 0.236383 0.228829 0.009672 0.013958
3 0.972711 0.261019 0.054578 0.030843
8 0.972648 0.261885 0.054391 0.029813
16 0.671711 0.373876 0.003641 0.004286
16 0.697055 0.369286 0.005297 0.005129
16 0.794172 0.372799 0.003844 0.004660
1 0.200711 0.217272 0.005672 0.014262
1 0.174133 0.229239 0.002953 0.009672
