28 0.814885 0.819148 0.053604 0.297547
28 0.143083 0.633500 0.018917 0.079531
32 0.713187 0.571227 0.030167 0.052797
85 0.509896 0.319141 0.213292 0.154969
1 0.714604 0.720227 0.266667 0.537078
1 0.375063 0.544125 0.076792 0.114969
33 0.530000 0.852445 0.140000 0.161734
33 0.314312 0.694492 0.093792 0.129078
1 0.616406 0.513602 0.051813 0.071266
1 0.022823 0.518367 0.045021 0.104266
1 0.157385 0.494914 0.028438 0.052516
1 0.174875 0.530297 0.036292 0.118438
1 0.989010 0.552992 0.021979 0.158547
1 0.757271 0.503711 0.026125 0.066422
1 0.312365 0.526414 0.072271 0.131797
1 0.335083 0.483961 0.097167 0.141641
77 0.739219 0.619578 0.048813 0.022094
1 0.116552 0.579164 0.082062 0.215422
28 0.284927 0.564102 0.019771 0.060516
