6 0.539242 0.502247 0.745609 0.806730
6 0.093203 0.495506 0.183062 0.986498
1 0.948000 0.513924 0.034406 0.112278
1 0.228836 0.189040 0.065828 0.148038
1 0.969289 0.630601 0.061172 0.281371
1 0.404234 0.216878 0.053656 0.068186
1 0.296906 0.228059 0.062344 0.069283
1 0.351430 0.224135 0.051578 0.067890
1 0.433141 0.216382 0.022750 0.042848
1 0.458875 0.206477 0.049375 0.079367
1 0.711477 0.202099 0.061578 0.051667
1 0.594477 0.196266 0.059078 0.070169
1 0.375039 0.220190 0.010172 0.040970
1 0.788805 0.200517 0.042609 0.070738
1 0.506742 0.204241 0.047641 0.073291
