1 0.597414 0.554049 0.316328 0.864859
1 0.127695 0.383251 0.031297 0.139178
39 0.370875 0.671291 0.287875 0.218873
1 0.748094 0.125282 0.050938 0.122254
1 0.511773 0.100681 0.017578 0.054085
1 0.448008 0.101232 0.014984 0.048850
1 0.363367 0.127852 0.018859 0.049601
1 0.341070 0.184413 0.028922 0.067840
1 0.233375 0.177523 0.018906 0.095423
1 0.488195 0.387077 0.055641 0.225376
1 0.263375 0.186291 0.034875 0.079531
1 0.419984 0.100528 0.017938 0.054390
1 0.548391 0.105528 0.021156 0.077723
1 0.564000 0.112805 0.021813 0.077160
