62 0.337922 0.370781 0.139875 0.247188
62 0.138516 0.861479 0.270281 0.252250
67 0.612867 0.573927 0.599328 0.311521
1 0.444562 0.297583 0.277906 0.368875
1 0.221633 0.584271 0.439891 0.809000
1 0.892875 0.400000 0.212688 0.436625
46 0.757414 0.504802 0.041828 0.118354
31 0.254805 0.664760 0.077172 0.107604
1 0.538656 0.822469 0.095906 0.130604
49 0.466922 0.486656 0.061469 0.026729
62 0.810812 0.802927 0.378375 0.371604
46 0.711078 0.466062 0.059375 0.221250
46 0.450633 0.432271 0.057266 0.212292
46 0.378586 0.472573 0.036359 0.123813
46 0.568352 0.370510 0.049734 0.080229
47 0.618867 0.497844 0.109703 0.174604
1 0.378891 0.124677 0.317531 0.249354
49 0.461578 0.596625 0.063500 0.034208
62 0.978797 0.323667 0.042406 0.074917
63 0.810805 0.799875 0.375922 0.400250
