50 0.365766 0.676406 0.276406 0.644937
51 0.146961 0.354729 0.290547 0.418917
51 0.090320 0.922854 0.180641 0.154292
56 0.897180 0.270469 0.187484 0.158562
56 0.690000 0.775750 0.222344 0.414125
56 0.946133 0.500844 0.107734 0.258896
56 0.819695 0.427427 0.141953 0.258937
56 0.844609 0.227198 0.180750 0.190729
56 0.438813 0.500115 0.101781 0.278979
47 0.047188 0.275281 0.094375 0.258437
57 0.595664 0.059375 0.046453 0.116167
57 0.553766 0.788010 0.089094 0.255437
57 0.765203 0.266198 0.068906 0.080646
67 0.512641 0.490667 0.974719 0.981333
