1 0.642781 0.568990 0.005312 0.040348
1 0.772898 0.647892 0.008891 0.062892
1 0.651102 0.649425 0.012172 0.063171
1 0.914695 0.690226 0.022609 0.094878
1 0.558453 0.553955 0.005375 0.030697
1 0.079422 0.710244 0.026219 0.097631
1 0.598320 0.667143 0.013359 0.054774
1 0.630039 0.567491 0.005922 0.025087
1 0.795078 0.575314 0.005750 0.037875
1 0.665312 0.544216 0.005344 0.025296
35 0.914289 0.734686 0.022297 0.007422
1 0.760656 0.636672 0.007312 0.046098
1 0.474086 0.550557 0.006797 0.017700
1 0.576945 0.554338 0.003641 0.025401
36 0.631102 0.581115 0.017266 0.007317
