15 0.223391 0.390141 0.086063 0.078212
41 0.680477 0.571918 0.122359 0.231459
1 0.694656 0.271541 0.308906 0.521341
41 0.883562 0.197424 0.016594 0.086235
64 0.472187 0.330435 0.028500 0.210047
64 0.282906 0.355118 0.040844 0.130612
64 0.434477 0.320306 0.044172 0.224000
1 0.512867 0.315529 0.037297 0.132941
1 0.981297 0.292647 0.036437 0.151647
1 0.811883 0.192224 0.032141 0.099176
1 0.794164 0.200247 0.018422 0.042188
1 0.967391 0.182741 0.039750 0.080776
1 0.927906 0.227906 0.022125 0.083953
1 0.841055 0.200447 0.030828 0.079765
1 0.117820 0.389776 0.038516 0.079929
64 0.167133 0.329412 0.069984 0.201835
64 0.150141 0.400741 0.021781 0.073388
64 0.501203 0.858753 0.235562 0.190212
1 0.738156 0.281765 0.038969 0.089506
1 0.246438 0.374047 0.045687 0.116847
1 0.872883 0.145871 0.043578 0.182047
1 0.858406 0.230671 0.010937 0.025341
