63 0.477531 0.591211 0.276344 0.359731
62 0.240641 0.565135 0.149344 0.200083
62 0.367992 0.388716 0.048891 0.079172
62 0.375711 0.499462 0.089641 0.166294
63 0.717281 0.849130 0.543250 0.273706
86 0.133102 0.365704 0.026609 0.029379
62 0.209992 0.453126 0.077891 0.156646
84 0.858523 0.678954 0.064984 0.053437
86 0.021336 0.424793 0.026609 0.078737
67 0.293508 0.457588 0.193516 0.095714
67 0.776883 0.704617 0.309578 0.256232
84 0.760461 0.642474 0.060578 0.065569
84 0.860367 0.699472 0.070391 0.032733
