57 0.476359 0.225887 0.216594 0.131775
57 0.212445 0.532067 0.250672 0.323048
57 0.248305 0.357641 0.095109 0.338831
57 0.579375 0.389415 0.285281 0.181169
57 0.489312 0.931879 0.266125 0.136242
57 0.724664 0.657641 0.128547 0.425887
57 0.473453 0.664645 0.246344 0.161315
57 0.452086 0.806420 0.298922 0.227578
57 0.213703 0.781054 0.288219 0.437891
57 0.330625 0.455783 0.090563 0.330605
57 0.383922 0.446482 0.094250 0.196388
57 0.378297 0.327745 0.167906 0.276200
79 0.500000 0.500000 1.000000 1.000000
57 0.522750 0.326273 0.251063 0.080063
