3 0.448828 0.953844 0.203688 0.089063
3 0.095953 0.942177 0.065875 0.062604
3 0.037961 0.941010 0.075203 0.077604
3 0.570461 0.969260 0.081703 0.057021
3 0.582172 0.964406 0.090156 0.071188
3 0.607062 0.951083 0.058469 0.071292
3 0.398758 0.911583 0.077609 0.089458
10 0.251758 0.741948 0.008109 0.033063
1 0.412555 0.839469 0.016703 0.058813
10 0.262055 0.668458 0.021297 0.061875
10 0.163102 0.748719 0.009109 0.023563
10 0.070484 0.751073 0.014625 0.037354
10 0.023375 0.792865 0.011000 0.032354
3 0.376883 0.842240 0.040234 0.027813
10 0.244898 0.775094 0.011609 0.017188
10 0.153703 0.784208 0.004906 0.019625
