4 0.531977 0.495835 0.053484 0.145412
1 0.832180 0.343118 0.008453 0.019553
1 0.742180 0.351565 0.015641 0.038471
1 0.774961 0.370000 0.015641 0.045788
1 0.783172 0.342671 0.013469 0.027035
3 0.355156 0.434824 0.194000 0.182024
4 0.745039 0.370753 0.044766 0.034965
1 0.820039 0.338565 0.012172 0.025600
1 0.921023 0.362647 0.017953 0.042894
8 0.194742 0.443824 0.386484 0.231459
8 0.346336 0.438365 0.206391 0.186471
1 0.536375 0.442118 0.062719 0.162965
4 0.823055 0.373294 0.034297 0.031859
4 0.841000 0.369435 0.014188 0.027012
4 0.777711 0.386447 0.040047 0.034212
