37 0.363289 0.336531 0.024484 0.030604
1 0.646109 0.542792 0.214531 0.808542
1 0.361250 0.164458 0.052812 0.270958
1 0.567031 0.504823 0.055531 0.141437
1 0.383203 0.531917 0.069062 0.079833
1 0.314312 0.503125 0.100500 0.136958
1 0.363992 0.421917 0.060328 0.095625
1 0.255227 0.409448 0.063766 0.104229
43 0.619313 0.458677 0.068406 0.059854
1 0.866070 0.318323 0.099172 0.087438
1 0.849430 0.291979 0.048953 0.071542
62 0.555742 0.174583 0.068391 0.074375
62 0.774555 0.099573 0.063109 0.047688
62 0.813766 0.142177 0.065562 0.050604
62 0.905313 0.086719 0.065438 0.049438
62 0.948352 0.145812 0.064734 0.082500
62 0.461680 0.235760 0.069734 0.091604
62 0.170570 0.142490 0.064516 0.065979
62 0.143187 0.104021 0.062062 0.080667
62 0.288109 0.241208 0.070750 0.086292
62 0.149875 0.246656 0.051313 0.087771
62 0.530031 0.115385 0.056281 0.035062
77 0.320961 0.553802 0.009484 0.006729
1 0.493625 0.436708 0.076219 0.104917
1 0.373563 0.458437 0.069812 0.070125
62 0.496148 0.168167 0.062172 0.046958
1 0.205578 0.484250 0.072344 0.183125
1 0.978727 0.301552 0.042547 0.046729
77 0.049023 0.075823 0.007234 0.013479
62 0.580227 0.034063 0.069766 0.046750
