3 0.773984 0.532049 0.145437 0.092201
1 0.591789 0.639742 0.087359 0.398407
1 0.963250 0.535152 0.025156 0.086792
1 0.814516 0.537693 0.025000 0.109859
1 0.024258 0.467939 0.046359 0.123513
27 0.101477 0.533361 0.093203 0.204239
27 0.521148 0.579133 0.070391 0.155925
27 0.601922 0.585773 0.047906 0.170562
3 0.604109 0.529660 0.095406 0.083443
10 0.396758 0.265609 0.014203 0.051499
10 0.743742 0.316019 0.011641 0.037190
1 0.169742 0.643396 0.146297 0.608150
1 0.522680 0.638817 0.079266 0.412904
1 0.967086 0.557096 0.010578 0.048665
1 0.974648 0.511874 0.011109 0.019016
1 0.873664 0.538759 0.014328 0.107869
31 0.159375 0.637693 0.064125 0.088220
1 0.442727 0.457424 0.021484 0.035738
1 0.422000 0.466932 0.015813 0.018173
1 0.932195 0.529063 0.022109 0.112693
1 0.873938 0.545410 0.034187 0.115363
