20 0.580492 0.756104 0.117234 0.237750
20 0.463820 0.763094 0.168797 0.230271
20 0.779758 0.633896 0.274047 0.169625
20 0.154031 0.825812 0.191938 0.227958
20 0.623648 0.630125 0.110141 0.146875
20 0.323211 0.734042 0.183109 0.226833
20 0.739563 0.745615 0.183031 0.255396
20 0.522586 0.296938 0.061797 0.135250
20 0.614070 0.599823 0.191891 0.178396
20 0.774617 0.197667 0.093172 0.076208
20 0.553125 0.372844 0.052812 0.110521
20 0.741828 0.279594 0.146687 0.139271
20 0.622977 0.340740 0.109922 0.130479
