28 0.245805 0.418563 0.354016 0.281875
28 0.432094 0.239635 0.251563 0.175187
28 0.662773 0.125646 0.169734 0.104000
1 0.224156 0.716854 0.205625 0.539333
1 0.453375 0.558573 0.155062 0.474146
1 0.674273 0.336896 0.121297 0.451667
27 0.864398 0.095229 0.043484 0.088625
31 0.127875 0.607875 0.056937 0.134750
15 0.840094 0.342260 0.091219 0.114396
15 0.392734 0.326042 0.281844 0.093583
15 0.565789 0.248615 0.042859 0.047521
27 0.240547 0.632521 0.107344 0.210750
31 0.397156 0.369771 0.021344 0.097792
27 0.747609 0.141854 0.223125 0.161708
1 0.848195 0.164719 0.081078 0.250646
