18 0.467633 0.632978 0.105266 0.102133
18 0.642148 0.628390 0.081609 0.101610
18 0.346133 0.653481 0.135516 0.070946
18 0.244359 0.634054 0.097562 0.084125
18 0.175187 0.634698 0.066281 0.068954
18 0.553617 0.639145 0.089422 0.088511
19 0.126359 0.489215 0.249375 0.519396
19 0.498008 0.523370 0.225641 0.203280
19 0.657352 0.544849 0.072672 0.100684
19 0.871047 0.516076 0.082281 0.205433
16 0.956328 0.236911 0.003750 0.005895
16 0.878453 0.191942 0.008500 0.008913
1 0.495453 0.482596 0.085781 0.197626
1 0.661359 0.520091 0.021375 0.066016
1 0.878672 0.463853 0.042594 0.132294
1 0.199633 0.541549 0.065172 0.131549
1 0.035875 0.371640 0.052312 0.369960
1 0.388461 0.439638 0.017172 0.056258
1 0.629445 0.415473 0.010766 0.018471
1 0.736211 0.535996 0.031984 0.079074
1 0.296914 0.438491 0.031234 0.053803
1 0.588445 0.439185 0.024453 0.066177
1 0.616461 0.439064 0.015641 0.072656
1 0.771633 0.494950 0.034391 0.072394
19 0.616633 0.443199 0.019797 0.055050
18 0.300359 0.653592 0.051281 0.050765
19 0.777930 0.529326 0.075359 0.083843
19 0.965797 0.572334 0.041688 0.072636
19 0.725078 0.575905 0.082594 0.077887
19 0.919836 0.553893 0.021672 0.075433
19 0.820562 0.500654 0.053594 0.087183
1 0.725242 0.458038 0.013984 0.052495
19 0.429180 0.521549 0.011016 0.027606
18 0.796570 0.623008 0.121922 0.115030
