63 0.475240 0.203520 0.573240 0.137333
62 0.068410 0.444453 0.124980 0.186293
67 0.549730 0.656133 0.628060 0.466987
67 0.065140 0.149293 0.130280 0.084507
67 0.797950 0.461867 0.188340 0.107627
1 0.262670 0.393320 0.286100 0.672400
1 0.745480 0.549893 0.508360 0.900213
1 0.543630 0.197787 0.141420 0.241120
47 0.643410 0.558013 0.085100 0.078693
73 0.535310 0.518093 0.460500 0.725627
3 0.139120 0.036547 0.110800 0.067707
47 0.555510 0.504733 0.063860 0.093253
62 0.123270 0.463507 0.061620 0.135973
62 0.222990 0.695693 0.249860 0.600240
62 0.672130 0.416173 0.246460 0.306107
62 0.502180 0.359427 0.181120 0.218960
62 0.189090 0.086933 0.061580 0.046667
62 0.026410 0.313960 0.052820 0.068187
62 0.105670 0.114587 0.083780 0.080213
62 0.024780 0.118640 0.048720 0.059040
67 0.402760 0.339733 0.070360 0.092853
47 0.787060 0.363520 0.037360 0.099627
1 0.178160 0.235480 0.110600 0.235653
1 0.710500 0.275853 0.243080 0.395867
1 0.089470 0.281360 0.137780 0.242827
