2 0.210547 0.666660 0.123094 0.189253
28 0.366195 0.273766 0.149141 0.051763
1 0.321492 0.467386 0.084984 0.307676
1 0.186063 0.544118 0.155938 0.451763
1 0.049727 0.544118 0.099453 0.406203
1 0.665844 0.604232 0.142906 0.409834
1 0.740719 0.746473 0.276438 0.329419
1 0.099070 0.507873 0.076578 0.385415
1 0.384586 0.460425 0.079422 0.233672
1 0.524344 0.415249 0.046781 0.183029
1 0.467617 0.414834 0.047391 0.204191
1 0.981227 0.345301 0.037547 0.079938
1 0.404188 0.331639 0.053594 0.077012
1 0.498922 0.423402 0.038656 0.174730
2 0.338750 0.514741 0.032563 0.113589
4 0.444406 0.665747 0.289750 0.326058
28 0.306359 0.288610 0.133656 0.040664
31 0.011055 0.472210 0.022109 0.134876
47 0.706258 0.693278 0.029234 0.053112
3 0.545055 0.329803 0.086047 0.063174
28 0.565883 0.345353 0.132578 0.184979
1 0.753711 0.563288 0.149047 0.270062
47 0.846781 0.652988 0.014813 0.021369
47 0.642180 0.645239 0.013641 0.031846
47 0.634547 0.644741 0.009531 0.031141
47 0.718898 0.622199 0.012828 0.016058
47 0.960539 0.675249 0.016484 0.020249
47 0.981898 0.689046 0.016953 0.016183
