67 0.500781 0.500000 0.998437 1.000000
46 0.238359 0.131780 0.105344 0.257799
48 0.113297 0.642775 0.226531 0.050328
49 0.122734 0.577564 0.245469 0.032787
49 0.939000 0.458911 0.122000 0.177073
49 0.151969 0.225176 0.058594 0.060890
50 0.113398 0.643817 0.224516 0.046557
47 0.775188 0.298021 0.115844 0.210141
47 0.293109 0.337834 0.133438 0.240445
47 0.559742 0.211710 0.130734 0.245480
46 0.400414 0.236499 0.121484 0.472482
46 0.644664 0.231171 0.128234 0.462342
46 0.530133 0.230023 0.117453 0.460047
46 0.728031 0.172635 0.102000 0.335105
46 0.299844 0.110281 0.063125 0.217471
46 0.463187 0.103630 0.048063 0.206511
46 0.731008 0.147037 0.101297 0.293138
50 0.126688 0.214215 0.076469 0.088525
48 0.118773 0.215714 0.067734 0.086323
48 0.953164 0.423372 0.093672 0.109087
