77 0.350615 0.549227 0.031146 0.053766
3 0.548885 0.642445 0.109729 0.066734
1 0.276281 0.704391 0.552563 0.591219
1 0.753646 0.724844 0.092583 0.169219
1 0.671104 0.689531 0.033667 0.119219
1 0.931427 0.748539 0.108437 0.232891
1 0.615469 0.699117 0.082396 0.211234
1 0.537812 0.676781 0.055792 0.098312
1 0.792354 0.628398 0.024292 0.023578
1 0.500823 0.678258 0.071729 0.115422
1 0.446417 0.644016 0.050833 0.094719
1 0.793281 0.718492 0.056896 0.155391
6 0.636219 0.606328 0.110021 0.041531
10 0.418979 0.442680 0.020375 0.037172
31 0.635677 0.690211 0.029313 0.047953
1 0.464979 0.618867 0.026583 0.033422
1 0.847604 0.727055 0.078958 0.178672
31 0.965802 0.705797 0.063396 0.063406
1 0.820375 0.632430 0.033375 0.031078
10 0.795073 0.575039 0.026187 0.018016
