1 0.585597 0.541469 0.583700 0.731156
1 0.255972 0.300000 0.154941 0.200000
1 0.191511 0.253656 0.103349 0.136125
1 0.111593 0.198523 0.045386 0.074234
1 0.670550 0.250500 0.093091 0.190812
35 0.696499 0.920352 0.545550 0.094859
35 0.577646 0.632211 0.427752 0.060672
10 0.805984 0.021687 0.037447 0.040719
10 0.612354 0.043062 0.044098 0.066656
10 0.396862 0.108320 0.017283 0.030641
10 0.142342 0.126266 0.020187 0.017906
27 0.707834 0.218523 0.039274 0.050891
1 0.184040 0.179133 0.030187 0.018016
1 0.361768 0.287531 0.087424 0.179062
1 0.151499 0.223477 0.044262 0.095641
35 0.257471 0.388398 0.134239 0.027547
1 0.085269 0.203758 0.050773 0.069516
1 0.563958 0.184117 0.035972 0.093484
1 0.509204 0.220312 0.057237 0.127281
1 0.073759 0.242500 0.069110 0.122125
35 0.169028 0.328656 0.033700 0.029281
35 0.116042 0.292766 0.025152 0.018000
