24 0.426758 0.791253 0.097609 0.089672
24 0.195203 0.793466 0.143562 0.109415
24 0.654500 0.759204 0.132562 0.092412
24 0.245883 0.725234 0.069703 0.062787
24 0.859602 0.641979 0.058234 0.030281
24 0.297039 0.720222 0.028984 0.063864
24 0.878109 0.727576 0.125656 0.096417
24 0.977203 0.700667 0.045594 0.065035
24 0.472500 0.688162 0.046875 0.048782
24 0.667359 0.659122 0.058469 0.049672
24 0.966164 0.637377 0.060703 0.058735
24 0.325609 0.707506 0.060219 0.055948
24 0.720766 0.662436 0.037031 0.044918
20 0.911727 0.858665 0.176547 0.208571
