1 0.274970 0.968480 0.032380 0.061493
1 0.396250 0.985360 0.031980 0.029280
1 0.353120 0.928133 0.014280 0.040533
1 0.859880 0.961053 0.016760 0.058320
38 0.682820 0.496600 0.053200 0.077040
38 0.350460 0.569960 0.045800 0.041893
38 0.380980 0.690187 0.017040 0.013280
1 0.301900 0.973747 0.055200 0.052507
8 0.075030 0.905093 0.051300 0.042613
38 0.369320 0.476920 0.013080 0.025733
1 0.924050 0.960840 0.010860 0.017893
1 0.715150 0.948640 0.012340 0.052587
1 0.124200 0.915507 0.015800 0.048400
1 0.969500 0.918707 0.005600 0.023493
1 0.842670 0.969120 0.021980 0.051360
1 0.824780 0.950667 0.010120 0.038560
1 0.771480 0.957280 0.008680 0.039413
28 0.784370 0.928920 0.030980 0.021733
38 0.271740 0.683667 0.010320 0.016240
1 0.057800 0.962827 0.067320 0.074347
