1 0.389580 0.379427 0.040720 0.175067
1 0.439890 0.396627 0.026980 0.096613
1 0.269980 0.415213 0.035080 0.132880
1 0.223970 0.425800 0.031300 0.143280
1 0.193230 0.443920 0.069700 0.174880
1 0.414000 0.372480 0.029400 0.163307
1 0.215100 0.410053 0.029520 0.161333
1 0.094250 0.438040 0.053780 0.151227
1 0.121150 0.421347 0.041860 0.185093
1 0.028980 0.366560 0.034280 0.134987
35 0.397570 0.462427 0.117740 0.020320
35 0.146820 0.512720 0.044960 0.016373
1 0.238780 0.354080 0.025560 0.061653
1 0.153400 0.379013 0.029760 0.143093
1 0.769900 0.285627 0.008240 0.021440
35 0.204480 0.531160 0.092720 0.016773
