5 0.558273 0.599094 0.883453 0.222979
27 0.646469 0.858104 0.118438 0.255333
27 0.261992 0.781427 0.099328 0.140229
1 0.433977 0.831417 0.220859 0.337167
1 0.377977 0.756656 0.062359 0.233771
1 0.094773 0.789354 0.144828 0.419250
1 0.188344 0.837844 0.099656 0.304062
1 0.334641 0.805260 0.055531 0.186729
1 0.536422 0.784510 0.063500 0.269063
1 0.567406 0.628063 0.022406 0.033292
1 0.547445 0.569177 0.027016 0.053396
27 0.344727 0.794417 0.063016 0.132667
27 0.613539 0.707427 0.016578 0.048146
1 0.590211 0.690865 0.037266 0.098563
1 0.063000 0.764510 0.122000 0.470979
6 0.868781 0.670979 0.093031 0.064250
27 0.523312 0.693229 0.010594 0.019042
1 0.571937 0.611146 0.015250 0.036417
33 0.730195 0.953750 0.014328 0.092500
