21 0.432823 0.519984 0.093312 0.122031
21 0.715406 0.584945 0.163438 0.215047
21 0.568469 0.503891 0.094021 0.081906
21 0.607927 0.597531 0.098563 0.153188
21 0.808833 0.588750 0.075083 0.172281
21 0.886604 0.585117 0.112375 0.140984
21 0.921135 0.606203 0.090437 0.139969
21 0.491469 0.583703 0.110479 0.170594
1 0.867052 0.459453 0.070813 0.091406
19 0.868938 0.491531 0.076750 0.081500
21 0.322292 0.632039 0.161875 0.274922
21 0.468708 0.637180 0.088750 0.149578
21 0.397344 0.565602 0.064979 0.164047
