64 0.673102 0.350194 0.206047 0.404500
64 0.374063 0.243889 0.050687 0.113222
64 0.423766 0.112333 0.083250 0.217500
44 0.792961 0.545403 0.124516 0.563250
44 0.144570 0.569514 0.128516 0.481694
67 0.498758 0.753806 0.994891 0.462611
1 0.471695 0.288333 0.353141 0.569500
46 0.285656 0.508736 0.059344 0.215472
47 0.260586 0.617722 0.078859 0.240056
48 0.705180 0.583583 0.058453 0.100667
48 0.304977 0.782847 0.164922 0.144250
49 0.715258 0.588542 0.050422 0.101250
50 0.310039 0.770458 0.150422 0.146361
46 0.837133 0.788236 0.117797 0.348250
47 0.151055 0.835958 0.120078 0.296639
62 0.539727 0.200639 0.293641 0.153056
62 0.261961 0.422903 0.241953 0.261361
48 0.229586 0.970514 0.043359 0.058972
49 0.255805 0.959375 0.029641 0.077028
56 0.601883 0.659639 0.025703 0.020833
56 0.575133 0.665847 0.024453 0.079250
62 0.927656 0.220431 0.073844 0.132194
62 0.087352 0.415778 0.174703 0.262944
64 0.277594 0.164944 0.242531 0.303889
64 0.095469 0.213569 0.190938 0.427139
56 0.452867 0.643861 0.024328 0.046000
