18 0.175930 0.745937 0.138047 0.373232
72 0.488422 0.356721 0.240844 0.329602
72 0.779547 0.413794 0.261937 0.311054
72 0.764453 0.721967 0.298656 0.359344
72 0.500734 0.659333 0.253437 0.299789
72 0.068969 0.478852 0.119031 0.146792
72 0.067672 0.294578 0.091500 0.121429
72 0.966250 0.092939 0.067500 0.162365
72 0.178609 0.476405 0.108656 0.157728
72 0.099687 0.089415 0.073781 0.127073
72 0.026562 0.099766 0.053125 0.100703
62 0.358914 0.448279 0.028266 0.128454
72 0.011773 0.307178 0.022828 0.117354
72 0.176031 0.071393 0.078656 0.135059
