32 0.316047 0.581143 0.046219 0.296381
32 0.213094 0.378964 0.030000 0.068024
32 0.814094 0.771631 0.109500 0.337310
32 0.512102 0.451333 0.018078 0.115286
32 0.617773 0.519845 0.030266 0.035119
32 0.403172 0.518679 0.036750 0.276310
1 0.289039 0.584083 0.289047 0.831833
1 0.416070 0.590083 0.169984 0.799548
1 0.473398 0.329214 0.038578 0.099762
1 0.562312 0.580298 0.219156 0.816929
1 0.717586 0.552929 0.436016 0.864857
1 0.175492 0.579774 0.168109 0.826976
1 0.521484 0.364595 0.113062 0.283048
1 0.906953 0.395500 0.135688 0.364048
1 0.938500 0.591940 0.123000 0.813929
32 0.915445 0.469548 0.030703 0.088667
1 0.922734 0.596274 0.151438 0.491119
1 0.440523 0.352024 0.028891 0.042762
1 0.554289 0.351333 0.024484 0.092714
