1 0.553055 0.872510 0.093328 0.254979
1 0.637922 0.817979 0.119656 0.337083
1 0.461477 0.866271 0.069109 0.266458
1 0.802656 0.821010 0.054469 0.106438
1 0.560852 0.755177 0.063859 0.109521
1 0.436672 0.727948 0.021406 0.042354
1 0.473133 0.737240 0.021172 0.079312
1 0.443492 0.696250 0.013703 0.050333
1 0.493367 0.721260 0.016422 0.079187
38 0.608250 0.503635 0.131688 0.080854
38 0.357984 0.227740 0.075750 0.030562
38 0.529047 0.413167 0.025312 0.026083
38 0.799805 0.185083 0.069484 0.040250
38 0.681609 0.412458 0.031719 0.050083
38 0.415734 0.276562 0.033813 0.014417
38 0.455109 0.161344 0.010219 0.013396
38 0.423422 0.212344 0.008063 0.011021
1 0.356539 0.850667 0.078547 0.298667
1 0.913359 0.856979 0.033469 0.115167
38 0.780797 0.498385 0.013906 0.016938
38 0.722492 0.584813 0.017047 0.037458
38 0.784992 0.514021 0.007109 0.014875
38 0.426445 0.495844 0.016984 0.015104
1 0.891977 0.790469 0.031922 0.137104
1 0.769375 0.704917 0.030781 0.075000
38 0.710883 0.378198 0.007766 0.018854
