1 0.506594 0.330775 0.060250 0.162113
1 0.360703 0.349988 0.048469 0.176268
1 0.400797 0.663392 0.135281 0.246784
1 0.534078 0.161045 0.048531 0.089930
1 0.564977 0.163944 0.034547 0.076009
1 0.241453 0.733486 0.085781 0.163498
1 0.401805 0.329354 0.051516 0.184671
1 0.450758 0.335786 0.049703 0.173404
1 0.844359 0.295223 0.055188 0.157300
39 0.315969 0.627371 0.057875 0.032300
40 0.274664 0.723333 0.017609 0.032254
15 0.586445 0.372019 0.089016 0.062347
15 0.670367 0.360516 0.077484 0.057512
62 0.167523 0.440939 0.050453 0.106854
62 0.576102 0.081890 0.032797 0.024953
62 0.604289 0.075728 0.032141 0.020939
62 0.303641 0.131268 0.035500 0.032113
62 0.240875 0.205986 0.041906 0.050188
1 0.924594 0.317629 0.047969 0.080141
1 0.365586 0.134977 0.035266 0.071878
1 0.723695 0.344566 0.047172 0.085141
62 0.119750 0.464824 0.020875 0.045892
62 0.063531 0.452101 0.022031 0.009836
1 0.117516 0.708427 0.064344 0.200845
