1 0.384648 0.634883 0.399672 0.693005
1 0.898328 0.627418 0.031094 0.136714
1 0.861633 0.625293 0.031016 0.147441
1 0.943125 0.564765 0.014438 0.055869
1 0.955922 0.564155 0.012750 0.058498
1 0.064273 0.536444 0.024516 0.033169
38 0.647672 0.394378 0.433781 0.622465
27 0.850500 0.606819 0.027375 0.057864
1 0.588031 0.576960 0.016813 0.073028
1 0.979180 0.577923 0.010891 0.031009
1 0.931438 0.559495 0.012750 0.057254
31 0.850484 0.617465 0.030875 0.040563
1 0.949109 0.574941 0.004719 0.023216
1 0.967602 0.583157 0.012547 0.025704
1 0.908813 0.554671 0.013688 0.047371
1 0.817750 0.617254 0.023531 0.125070
