1 0.774148 0.742629 0.053078 0.161005
1 0.912078 0.759720 0.006594 0.022523
1 0.586969 0.800783 0.008250 0.021612
1 0.655844 0.794463 0.006125 0.019533
1 0.365391 0.794171 0.004125 0.013107
1 0.441273 0.776425 0.004672 0.008738
1 0.403828 0.761227 0.005312 0.010584
36 0.655852 0.753481 0.005547 0.000794
1 0.626281 0.754311 0.002969 0.011145
1 0.434391 0.770946 0.004000 0.007640
1 0.273391 0.773236 0.003156 0.007967
1 0.351445 0.764708 0.004547 0.011659
36 0.364586 0.800970 0.002484 0.002313
1 0.537383 0.798072 0.007016 0.020958
35 0.771227 0.842418 0.116391 0.013201
36 0.584297 0.811822 0.014469 0.002383
