62 0.849352 0.895504 0.235391 0.177518
62 0.405055 0.930726 0.036391 0.060187
1 0.836102 0.172389 0.209578 0.248525
15 0.625633 0.560351 0.451609 0.672974
43 0.677438 0.291311 0.089563 0.085199
1 0.417742 0.449333 0.471828 0.621616
1 0.147891 0.379473 0.255938 0.613044
27 0.667156 0.981358 0.082625 0.037283
28 0.663797 0.827705 0.153375 0.124262
62 0.209078 0.292412 0.046750 0.173724
62 0.306625 0.969110 0.098875 0.061780
62 0.623859 0.558970 0.454031 0.662342
77 0.558508 0.246276 0.023266 0.037190
77 0.150961 0.270012 0.026422 0.033419
1 0.060633 0.616194 0.120203 0.760773
