62 0.838008 0.450117 0.140609 0.327541
62 0.713281 0.528185 0.156031 0.216838
67 0.409305 0.810105 0.818609 0.352810
49 0.412062 0.694836 0.061125 0.109625
61 0.452859 0.822400 0.284938 0.355199
47 0.785305 0.395703 0.037391 0.072951
47 0.718062 0.383103 0.038375 0.050703
47 0.317734 0.170902 0.022156 0.043068
47 0.339141 0.174157 0.020688 0.033981
75 0.786836 0.715035 0.072516 0.077845
1 0.513516 0.370785 0.397313 0.741569
47 0.316734 0.107600 0.025406 0.047799
47 0.299648 0.111967 0.017922 0.033115
47 0.339617 0.105304 0.021203 0.048970
47 0.301930 0.168443 0.017422 0.049391
67 0.819688 0.464930 0.069312 0.135059
