90 0.091867 0.679000 0.042609 0.080958
47 0.079352 0.476010 0.074047 0.090354
47 0.515031 0.441240 0.038719 0.074854
47 0.042672 0.457052 0.054531 0.070229
78 0.291570 0.479781 0.256172 0.222479
81 0.692086 0.471698 0.258234 0.077271
31 0.268602 0.281812 0.133797 0.145500
44 0.515906 0.388573 0.026344 0.051354
47 0.117938 0.464292 0.084906 0.097458
82 0.332867 0.767417 0.311797 0.451667
79 0.927273 0.836365 0.136359 0.290896
90 0.139641 0.682396 0.012188 0.033333
90 0.115484 0.678823 0.014844 0.053562
