62 0.254016 0.401171 0.268313 0.154567
62 0.286477 0.549309 0.325297 0.225457
62 0.732469 0.495937 0.285531 0.333326
62 0.818625 0.550527 0.340031 0.222693
62 0.228359 0.901499 0.456719 0.173817
62 0.407883 0.257260 0.118578 0.115644
62 0.842187 0.904719 0.315625 0.167377
67 0.440344 0.481171 0.833594 0.369415
67 0.500539 0.235304 0.411703 0.177541
46 0.367375 0.670726 0.060813 0.234520
46 0.337375 0.651756 0.064781 0.239578
46 0.736875 0.624836 0.057375 0.214122
46 0.778492 0.627799 0.063578 0.239719
46 0.926789 0.589660 0.058766 0.113232
46 0.169773 0.628677 0.064109 0.238525
46 0.134070 0.623267 0.047297 0.217494
46 0.346133 0.272377 0.037109 0.085363
46 0.270547 0.272166 0.036594 0.127143
48 0.746078 0.802963 0.021031 0.063349
49 0.665750 0.794684 0.034625 0.050820
49 0.382398 0.810621 0.016922 0.051171
50 0.400672 0.790375 0.037969 0.051101
50 0.832734 0.766370 0.049250 0.029836
50 0.077930 0.690222 0.018453 0.032810
62 0.791992 0.232939 0.111953 0.174871
62 0.252359 0.160258 0.155313 0.302951
62 0.586094 0.259262 0.097281 0.127799
62 0.705094 0.153583 0.125344 0.105995
46 0.971555 0.671171 0.056891 0.225902
46 0.246078 0.276628 0.031187 0.132459
46 0.675773 0.250082 0.038922 0.054918
48 0.091203 0.793525 0.017750 0.056932
48 0.109703 0.791745 0.019750 0.073185
48 0.764953 0.792518 0.021031 0.057119
48 0.356289 0.692646 0.013578 0.015831
49 0.305047 0.773443 0.038344 0.009040
50 0.690102 0.684262 0.033859 0.031335
67 0.500867 0.829871 0.998266 0.335059
46 0.699555 0.299005 0.031016 0.129016
49 0.432859 0.669859 0.014594 0.045152
