3 0.741273 0.612344 0.083984 0.072979
6 0.605766 0.569719 0.115437 0.157521
3 0.754773 0.568979 0.006922 0.015792
27 0.501820 0.585750 0.020297 0.041875
27 0.447148 0.582031 0.026672 0.047229
1 0.451336 0.609521 0.031328 0.137750
1 0.496281 0.601906 0.034781 0.139146
1 0.514648 0.599208 0.025641 0.113792
1 0.540172 0.591437 0.029125 0.096708
1 0.943805 0.606469 0.024516 0.094521
1 0.891461 0.592719 0.024297 0.081438
1 0.686500 0.579865 0.013031 0.049896
1 0.359938 0.570010 0.016594 0.037104
1 0.409133 0.570490 0.021922 0.038812
15 0.399953 0.619667 0.079563 0.058833
27 0.422695 0.576125 0.016641 0.031500
1 0.984227 0.600719 0.030328 0.111979
1 0.479547 0.597135 0.018438 0.124604
27 0.522906 0.582479 0.008563 0.017208
1 0.470922 0.558156 0.013375 0.038646
27 0.511852 0.579906 0.016547 0.036354
1 0.858523 0.595625 0.023766 0.076167
