32 0.308070 0.582986 0.087516 0.180117
32 0.823461 0.543560 0.012078 0.023138
54 0.582289 0.613162 0.023484 0.039016
54 0.610055 0.688302 0.021203 0.023021
54 0.633586 0.693396 0.025109 0.024637
54 0.566820 0.691979 0.042391 0.019649
77 0.077789 0.649321 0.077797 0.188337
1 0.340336 0.670785 0.224891 0.635948
1 0.593656 0.611136 0.173406 0.391593
1 0.706086 0.652728 0.131641 0.426019
1 0.835922 0.627389 0.060875 0.317635
1 0.506320 0.564684 0.084766 0.205995
1 0.621539 0.508267 0.024016 0.041124
46 0.486062 0.671019 0.024406 0.133372
46 0.984633 0.600855 0.013297 0.053653
51 0.500891 0.691393 0.071906 0.049063
51 0.557242 0.718934 0.048922 0.035480
67 0.530445 0.850890 0.330578 0.298220
1 0.601289 0.492307 0.017328 0.052810
1 0.918594 0.600398 0.131937 0.343700
54 0.593875 0.692834 0.025781 0.029883
46 0.995422 0.605515 0.009156 0.045785
1 0.768719 0.652728 0.070469 0.360960
47 0.543930 0.662002 0.019484 0.076183
67 0.941500 0.825925 0.117000 0.323466
67 0.983875 0.583443 0.032250 0.009133
