64 0.870021 0.779078 0.259958 0.440281
64 0.902573 0.479352 0.099812 0.165203
1 0.392781 0.582953 0.303979 0.575625
49 0.512771 0.502211 0.057917 0.018016
50 0.760792 0.471500 0.030333 0.045844
57 0.535031 0.513727 0.077562 0.027953
79 0.547813 0.646305 0.292167 0.370578
49 0.717187 0.488422 0.054167 0.032031
49 0.708604 0.508578 0.030250 0.025656
50 0.844729 0.457766 0.021625 0.024344
50 0.877646 0.503094 0.024875 0.026062
51 0.534042 0.485031 0.102542 0.031375
67 0.031167 0.883117 0.062333 0.197391
49 0.717990 0.496438 0.039479 0.025500
50 0.524406 0.502906 0.051146 0.016844
