13 0.760859 0.405264 0.126469 0.192854
13 0.990586 0.365032 0.018828 0.162156
1 0.314945 0.528647 0.058734 0.284271
1 0.114523 0.582378 0.079578 0.378245
1 0.610273 0.545137 0.077422 0.368499
1 0.151375 0.546533 0.081687 0.321395
1 0.557203 0.509429 0.068094 0.292135
3 0.939859 0.423679 0.032594 0.033150
3 0.325695 0.480359 0.131797 0.123467
1 0.423172 0.522537 0.075906 0.271670
13 0.734812 0.229366 0.141469 0.195560
13 0.835273 0.272304 0.091266 0.229514
13 0.891250 0.196543 0.065438 0.196892
13 0.941977 0.284841 0.116047 0.191924
13 0.857773 0.395412 0.041797 0.112347
13 0.925430 0.163277 0.030922 0.078140
3 0.897859 0.422970 0.024000 0.029535
27 0.197883 0.476173 0.052734 0.091036
27 0.307172 0.476786 0.062875 0.083552
1 0.204531 0.531702 0.061750 0.311776
13 0.985156 0.639006 0.029687 0.230994
