44 0.911344 0.410047 0.177313 0.468500
67 0.499250 0.802953 0.992542 0.367719
1 0.417979 0.221352 0.776042 0.438203
47 0.970417 0.639039 0.059167 0.271672
47 0.536042 0.511711 0.140625 0.080328
47 0.259760 0.509008 0.147146 0.078828
50 0.311385 0.276242 0.301896 0.042047
50 0.162854 0.476820 0.224750 0.057609
50 0.765219 0.513742 0.147396 0.030828
51 0.401771 0.420281 0.244958 0.129969
47 0.672500 0.521547 0.146333 0.064781
50 0.194115 0.455117 0.109271 0.089703
63 0.860792 0.330063 0.215333 0.230250
47 0.118646 0.503227 0.150792 0.075891
47 0.396146 0.510242 0.148958 0.076984
48 0.758062 0.479937 0.071667 0.041094
51 0.535802 0.513539 0.140646 0.073266
51 0.396635 0.510000 0.137896 0.076625
51 0.440646 0.816883 0.690417 0.366234
51 0.399687 0.578930 0.799375 0.157641
51 0.117573 0.505242 0.149729 0.073266
51 0.671448 0.523266 0.142063 0.062375
51 0.259010 0.504563 0.141229 0.079063
47 0.039562 0.415414 0.062542 0.108641
63 0.115229 0.258188 0.217292 0.140750
