77 0.144871 0.197852 0.029321 0.035766
3 0.737424 0.321937 0.131569 0.116781
3 0.374813 0.407719 0.196136 0.146594
1 0.387482 0.274945 0.618665 0.371266
1 0.030761 0.444914 0.061522 0.221797
41 0.154719 0.380617 0.222272 0.129766
41 0.891288 0.629508 0.217424 0.045266
1 0.252693 0.208391 0.107026 0.134000
1 0.619731 0.408992 0.241335 0.141359
1 0.790129 0.350398 0.077681 0.105172
77 0.882775 0.386789 0.017166 0.015203
1 0.915972 0.403367 0.168056 0.433703
1 0.182916 0.372500 0.306347 0.554781
1 0.885152 0.328305 0.164028 0.296234
