38 0.382190 0.309664 0.191827 0.085609
38 0.383911 0.096016 0.107728 0.031531
38 0.600082 0.050758 0.162412 0.074484
1 0.446276 0.740453 0.178501 0.303375
1 0.636581 0.575187 0.066932 0.118281
1 0.690176 0.579773 0.016417 0.034828
1 0.558361 0.568617 0.066323 0.130734
1 0.389883 0.559602 0.203700 0.133391
1 0.842119 0.577203 0.029391 0.054312
1 0.189754 0.578914 0.025925 0.044266
1 0.796112 0.572445 0.014941 0.034578
1 0.771663 0.582500 0.033115 0.041656
1 0.698033 0.578828 0.020843 0.052812
1 0.673162 0.576594 0.020141 0.044875
3 0.437892 0.508625 0.046417 0.015188
3 0.152635 0.512664 0.024801 0.016547
3 0.190398 0.514992 0.023700 0.012484
1 0.741487 0.577398 0.022927 0.051109
3 0.220984 0.508656 0.027213 0.009062
3 0.592330 0.503258 0.047986 0.013578
3 0.462084 0.509109 0.024450 0.011750
3 0.088162 0.512766 0.038290 0.017906
3 0.056733 0.512570 0.056979 0.016391
3 0.356405 0.513102 0.033653 0.019172
3 0.257260 0.509188 0.069133 0.022187
3 0.420621 0.509734 0.013419 0.010500
3 0.554672 0.506797 0.025035 0.009375
38 0.446546 0.348938 0.030984 0.029687
38 0.851429 0.503313 0.020890 0.057125
38 0.048162 0.562859 0.096323 0.072938
1 0.512611 0.583930 0.039087 0.072859
3 0.120492 0.514477 0.040468 0.013078
