44 0.936170 0.633964 0.025140 0.115135
44 0.535290 0.593213 0.014820 0.068348
73 0.586290 0.579610 0.088540 0.065165
73 0.694080 0.581036 0.076840 0.077508
73 0.837360 0.594384 0.079320 0.074174
73 0.278060 0.581997 0.090560 0.079550
1 0.179580 0.533108 0.110240 0.154805
1 0.329010 0.616231 0.101460 0.335706
1 0.421550 0.612102 0.104780 0.304024
1 0.519150 0.537387 0.071580 0.133033
1 0.634190 0.534384 0.069540 0.145405
1 0.758580 0.543153 0.123600 0.162823
1 0.930500 0.545495 0.139000 0.214354
1 0.852400 0.512057 0.060760 0.078709
72 0.415280 0.434324 0.167760 0.156637
72 0.228980 0.882177 0.457960 0.213483
1 0.959380 0.509925 0.059560 0.066456
73 0.230340 0.882417 0.460680 0.204655
73 0.950710 0.879429 0.098580 0.241141
62 0.054550 0.576532 0.076220 0.100931
62 0.124350 0.572387 0.048500 0.092583
47 0.031820 0.622357 0.028840 0.064655
