3 0.867484 0.830341 0.264188 0.339318
3 0.819297 0.764807 0.288250 0.271295
3 0.407805 0.702591 0.075172 0.106818
3 0.660469 0.746625 0.214750 0.269659
3 0.571086 0.726443 0.154484 0.227295
3 0.537383 0.707477 0.171047 0.214682
3 0.389109 0.635261 0.051812 0.031068
3 0.315750 0.694011 0.132781 0.166659
1 0.322641 0.698705 0.069406 0.194182
1 0.181656 0.716159 0.019187 0.083273
1 0.113133 0.710784 0.034234 0.128568
1 0.223562 0.711864 0.062500 0.172909
1 0.017766 0.715125 0.035531 0.181205
1 0.129258 0.709216 0.023016 0.130841
1 0.364602 0.556920 0.013734 0.064568
1 0.340531 0.556625 0.014000 0.061341
1 0.312070 0.585295 0.024922 0.059273
1 0.569141 0.554534 0.014656 0.047114
1 0.489414 0.577761 0.021703 0.061705
1 0.276641 0.601489 0.017750 0.026477
3 0.428984 0.560909 0.073656 0.061273
3 0.522969 0.556614 0.066438 0.067409
10 0.140742 0.134432 0.030578 0.123045
10 0.366555 0.117398 0.029297 0.123841
10 0.493039 0.173727 0.026578 0.107409
10 0.459031 0.377386 0.017000 0.046409
10 0.488852 0.472886 0.021328 0.066182
10 0.280727 0.443409 0.016172 0.055636
11 0.153852 0.747807 0.015766 0.050477
10 0.473609 0.427159 0.016969 0.069136
10 0.590992 0.373398 0.013797 0.032205
10 0.787727 0.171250 0.026016 0.108864
10 0.439367 0.393000 0.025734 0.076727
10 0.393352 0.380011 0.016547 0.048159
10 0.615992 0.441159 0.015516 0.060182
1 0.684492 0.597739 0.013578 0.036750
3 0.450789 0.695170 0.024422 0.049341
10 0.656750 0.482682 0.015219 0.057364
