1 0.566453 0.586350 0.147250 0.679460
1 0.179500 0.440446 0.356000 0.665164
1 0.235906 0.119343 0.111187 0.227981
1 0.654406 0.150563 0.088250 0.296620
31 0.902164 0.097512 0.058109 0.185540
1 0.080484 0.132383 0.086844 0.264765
1 0.907125 0.194049 0.055188 0.386925
31 0.020625 0.172101 0.041250 0.118756
31 0.633852 0.029718 0.052922 0.059437
33 0.086797 0.542347 0.068281 0.166338
33 0.029008 0.517981 0.055422 0.207793
1 0.522805 0.037993 0.072734 0.075986
31 0.732875 0.073744 0.023250 0.055047
33 0.479430 0.492265 0.273766 0.892793
1 0.955281 0.201725 0.088563 0.402512
1 0.774039 0.135939 0.112328 0.271878
1 0.443750 0.119237 0.049125 0.236362
1 0.581500 0.107077 0.080500 0.211526
