1 0.067148 0.572136 0.083453 0.263803
38 0.581891 0.745129 0.192500 0.509742
38 0.447242 0.496620 0.224359 0.984272
38 0.305016 0.560387 0.189312 0.851009
38 0.348625 0.679789 0.225250 0.634977
38 0.232711 0.723615 0.064297 0.209390
38 0.545180 0.317864 0.259859 0.635728
44 0.544023 0.917300 0.013984 0.064085
44 0.532703 0.909730 0.014500 0.065892
64 0.230891 0.528815 0.061500 0.162746
38 0.329180 0.492207 0.043703 0.175305
44 0.563172 0.844566 0.015406 0.087958
44 0.576266 0.846514 0.017813 0.085563
44 0.553094 0.844953 0.015313 0.071972
44 0.552609 0.923474 0.013562 0.068967
44 0.569867 0.946092 0.020828 0.107207
2 0.034805 0.502746 0.025234 0.068545
