72 0.297055 0.521311 0.077859 0.079906
63 0.748570 0.678724 0.384984 0.369672
77 0.445555 0.598560 0.022016 0.025925
84 0.148305 0.412471 0.012672 0.053372
84 0.092617 0.321651 0.013266 0.074496
84 0.048234 0.498888 0.021469 0.061382
84 0.095742 0.403337 0.102828 0.072810
84 0.163930 0.413185 0.007328 0.049883
84 0.025578 0.494672 0.021563 0.074731
84 0.111320 0.490995 0.024797 0.067330
84 0.110766 0.322482 0.021094 0.074848
84 0.157289 0.413197 0.010797 0.051077
84 0.171148 0.414286 0.009953 0.049742
84 0.191406 0.413888 0.003094 0.050398
86 0.551063 0.610656 0.022719 0.056206
86 0.512695 0.583302 0.020891 0.038033
64 0.531102 0.579133 0.027078 0.055644
84 0.050586 0.497213 0.022141 0.064169
84 0.070383 0.491358 0.021891 0.073583
67 0.547758 0.783548 0.380547 0.412342
