46 0.198305 0.698942 0.045672 0.130083
46 0.367641 0.663226 0.038250 0.129232
46 0.932016 0.641421 0.031156 0.110104
46 0.387523 0.471110 0.018797 0.038112
1 0.495609 0.634077 0.292125 0.726452
1 0.717383 0.641224 0.218047 0.717552
1 0.832672 0.674907 0.148938 0.649440
1 0.108312 0.614606 0.216625 0.730332
1 0.285984 0.670820 0.174469 0.658361
1 0.233297 0.402676 0.084969 0.187012
1 0.357758 0.408517 0.072891 0.140228
1 0.604797 0.635187 0.100594 0.644232
44 0.912312 0.309222 0.023281 0.014585
44 0.939188 0.264730 0.013625 0.014274
44 0.853031 0.310031 0.019094 0.012967
44 0.839883 0.314087 0.021703 0.013817
44 0.811945 0.315446 0.013078 0.012054
44 0.908352 0.266400 0.016234 0.015954
44 0.950094 0.304761 0.018438 0.028942
44 0.917688 0.344129 0.019875 0.033942
44 0.431758 0.431836 0.011984 0.026079
44 0.411734 0.435373 0.017219 0.043734
46 0.739797 0.633890 0.033937 0.112261
85 0.780703 0.625851 0.009219 0.014689
1 0.931672 0.669658 0.130312 0.624710
1 0.770750 0.382707 0.065562 0.125207
1 0.553500 0.380135 0.051875 0.108610
1 0.396055 0.383672 0.039672 0.118963
44 0.890492 0.308382 0.017766 0.012407
44 0.813875 0.380705 0.020375 0.010830
1 0.064289 0.372251 0.116391 0.244751
31 0.211250 0.879398 0.043875 0.214191
44 0.459609 0.415415 0.006750 0.025104
