47 0.532172 0.870437 0.091531 0.225847
47 0.332391 0.511204 0.119188 0.206270
47 0.154273 0.472526 0.073859 0.138333
47 0.062875 0.338241 0.069437 0.116852
47 0.674734 0.961759 0.110156 0.076481
48 0.381570 0.630728 0.103141 0.194259
48 0.354016 0.597804 0.125219 0.145503
50 0.188945 0.530423 0.177047 0.089471
88 0.799664 0.531455 0.394203 0.923598
88 0.395453 0.370780 0.165750 0.277434
88 0.196789 0.372037 0.128078 0.286984
84 0.626461 0.492130 0.148641 0.449444
49 0.355438 0.642950 0.116250 0.133942
49 0.222813 0.583016 0.114688 0.095079
49 0.201367 0.577275 0.152641 0.096296
49 0.204797 0.562103 0.146344 0.080979
49 0.159539 0.554775 0.126891 0.117381
50 0.271992 0.235952 0.052234 0.132011
50 0.252547 0.246349 0.040813 0.099788
33 0.300047 0.494656 0.549563 0.946508
