18 0.643641 0.409097 0.710906 0.729306
3 0.047906 0.232274 0.095812 0.167743
3 0.287188 0.229358 0.078875 0.166285
3 0.740852 0.140781 0.145172 0.082951
3 0.620945 0.128333 0.085672 0.062569
1 0.235383 0.283455 0.074734 0.325868
1 0.092828 0.307396 0.133187 0.428264
1 0.330445 0.126389 0.045047 0.110903
18 0.191773 0.448750 0.091609 0.395972
18 0.042078 0.452014 0.084156 0.281181
18 0.760492 0.868715 0.100797 0.200208
15 0.175563 0.454635 0.256281 0.260104
1 0.931352 0.346059 0.125391 0.692118
1 0.854664 0.286458 0.074203 0.567222
18 0.291133 0.454566 0.084984 0.219479
1 0.396508 0.445642 0.059203 0.253785
1 0.012633 0.360156 0.023422 0.110382
