3 0.104758 0.700647 0.023609 0.022565
3 0.094984 0.682035 0.017969 0.018235
3 0.058789 0.682565 0.018453 0.015200
3 0.104297 0.752200 0.030250 0.030376
9 0.746453 0.810541 0.112344 0.282306
1 0.377203 0.599400 0.353875 0.748306
28 0.567680 0.510141 0.413516 0.506494
27 0.223711 0.750824 0.245328 0.498353
3 0.054039 0.720541 0.023859 0.022682
3 0.068930 0.713847 0.018172 0.016635
9 0.092094 0.772859 0.063844 0.043224
9 0.104539 0.742976 0.029391 0.044871
9 0.023258 0.867294 0.045797 0.048188
3 0.006852 0.751847 0.013703 0.019318
3 0.080328 0.682553 0.015688 0.016118
3 0.048680 0.593165 0.015828 0.006094
9 0.067547 0.793282 0.095781 0.047741
9 0.041484 0.882176 0.070781 0.068212
