20 0.540742 0.645012 0.030484 0.043482
20 0.577914 0.640812 0.040109 0.044776
20 0.719172 0.655447 0.064438 0.069812
20 0.794555 0.651388 0.065828 0.083247
20 0.503094 0.642200 0.032813 0.060447
20 0.231391 0.647824 0.034313 0.038612
20 0.268359 0.603529 0.014031 0.020094
20 0.616914 0.580941 0.009984 0.008941
20 0.808680 0.613047 0.023797 0.030518
20 0.890781 0.608212 0.020813 0.023859
20 0.664688 0.581459 0.011844 0.012659
20 0.547039 0.590271 0.006547 0.012541
20 0.587258 0.583024 0.009922 0.009576
