4 0.535742 0.615082 0.038203 0.050023
4 0.428758 0.622300 0.040734 0.061221
1 0.429797 0.587946 0.024813 0.034155
1 0.533523 0.580657 0.025672 0.031268
3 0.699695 0.554284 0.061516 0.065516
3 0.563250 0.739354 0.127312 0.133451
3 0.833586 0.549601 0.055016 0.054930
3 0.852180 0.474730 0.044141 0.041808
3 0.397422 0.506937 0.066312 0.045986
3 0.123062 0.579225 0.109094 0.068873
3 0.300656 0.772653 0.158562 0.148310
3 0.957547 0.472371 0.038687 0.043192
3 0.176523 0.943592 0.214172 0.112817
3 0.038969 0.552711 0.077656 0.053075
3 0.707945 0.438627 0.031641 0.020587
3 0.909891 0.453509 0.031969 0.025094
3 0.552891 0.465270 0.044781 0.038897
