16 0.382797 0.530784 0.078531 0.099002
16 0.284242 0.581318 0.105297 0.085629
16 0.233641 0.593029 0.108813 0.141781
16 0.256633 0.244762 0.109141 0.163682
16 0.536531 0.282423 0.076219 0.184656
16 0.680703 0.319276 0.106906 0.195083
16 0.815242 0.741568 0.107922 0.094394
16 0.865117 0.144679 0.107922 0.162423
16 0.574008 0.378527 0.081703 0.118052
16 0.402508 0.605594 0.100859 0.110475
16 0.808211 0.276805 0.090516 0.072423
16 0.716617 0.568349 0.127078 0.117838
16 0.539102 0.709252 0.115797 0.138741
