44 0.074984 0.591510 0.035656 0.125354
44 0.740187 0.584594 0.072375 0.253104
32 0.360633 0.520542 0.128359 0.128625
32 0.756852 0.635083 0.073859 0.274583
1 0.325281 0.575281 0.579781 0.822479
1 0.614539 0.385969 0.109359 0.184521
1 0.135359 0.451448 0.135219 0.204104
1 0.840961 0.449323 0.087297 0.108729
1 0.454117 0.491792 0.105984 0.184500
1 0.053883 0.433146 0.034547 0.064333
1 0.491648 0.492990 0.060672 0.191229
32 0.136352 0.507500 0.023641 0.086583
1 0.022734 0.453479 0.043125 0.091875
1 0.073313 0.838208 0.146625 0.301125
1 0.736109 0.584771 0.512969 0.740750
46 0.094070 0.597854 0.034703 0.108750
46 0.024484 0.575646 0.033687 0.069583
46 0.817695 0.944542 0.090234 0.110917
1 0.237266 0.409594 0.148031 0.251271
1 0.899492 0.408188 0.049703 0.076917
1 0.526547 0.481625 0.054625 0.225500
67 0.505695 0.641177 0.067047 0.136104
