62 0.806148 0.589236 0.091922 0.262355
44 0.634711 0.451064 0.017266 0.091839
44 0.272875 0.447355 0.016344 0.071405
44 0.287000 0.449349 0.011594 0.051880
67 0.676930 0.697355 0.274203 0.585289
46 0.624766 0.469773 0.011437 0.064256
46 0.614594 0.473006 0.014219 0.067376
51 0.080328 0.562056 0.104188 0.043244
44 0.256273 0.457180 0.018609 0.044731
44 0.262586 0.424793 0.012172 0.062149
51 0.354187 0.464607 0.024469 0.018595
56 0.686281 0.528967 0.025781 0.024463
56 0.674188 0.513688 0.017156 0.016632
62 0.539375 0.600651 0.094063 0.276550
86 0.305414 0.445630 0.029422 0.061591
