42 0.600890 0.304930 0.736460 0.211261
42 0.287200 0.458866 0.500600 0.267423
1 0.593670 0.337073 0.192540 0.512353
1 0.411350 0.300042 0.089260 0.543445
1 0.292900 0.224524 0.104080 0.317843
1 0.953410 0.225504 0.016220 0.021989
1 0.042170 0.289720 0.084260 0.435630
1 0.108300 0.269664 0.081840 0.426947
1 0.802630 0.194426 0.043420 0.146779
1 0.490920 0.195812 0.021240 0.029160
1 0.523600 0.173950 0.011360 0.068515
1 0.165260 0.206737 0.054560 0.215714
1 0.841560 0.171625 0.013080 0.060448
42 0.776940 0.156793 0.024400 0.021148
1 0.755100 0.173053 0.019160 0.077479
1 0.507030 0.176499 0.014780 0.065322
