42 0.213539 0.696575 0.129984 0.015540
42 0.896805 0.697230 0.056484 0.063057
42 0.336102 0.580425 0.057922 0.011057
1 0.590648 0.858609 0.042203 0.150046
1 0.678094 0.401920 0.017094 0.026690
1 0.255781 0.594057 0.026000 0.025126
1 0.835211 0.408540 0.021547 0.035517
1 0.805734 0.403701 0.016938 0.030713
42 0.458133 0.404230 0.016016 0.018437
42 0.464695 0.587276 0.062047 0.011931
1 0.750008 0.318885 0.020641 0.024667
1 0.492742 0.335000 0.011203 0.030230
1 0.449266 0.397161 0.025125 0.044943
1 0.647250 0.900391 0.047594 0.130943
1 0.890055 0.683989 0.030516 0.088023
1 0.483258 0.534046 0.033516 0.093241
1 0.371937 0.387724 0.022656 0.026943
42 0.218031 0.425575 0.049938 0.011241
