35 0.736516 0.827719 0.330344 0.141563
35 0.375273 0.825313 0.399297 0.109708
35 0.593836 0.717656 0.121203 0.059312
35 0.442109 0.729875 0.121969 0.035500
27 0.296383 0.450875 0.106672 0.246625
27 0.823523 0.460063 0.097203 0.253750
1 0.349719 0.580906 0.099437 0.514604
1 0.426055 0.520906 0.119047 0.381396
1 0.630336 0.521771 0.126766 0.390125
1 0.961586 0.581177 0.035266 0.127896
1 0.739062 0.566146 0.142937 0.526917
1 0.920687 0.555875 0.050000 0.121292
1 0.984703 0.533979 0.030594 0.097917
1 0.879187 0.558635 0.048531 0.132396
35 0.873437 0.620302 0.025938 0.010479
35 0.965727 0.635240 0.020203 0.011687
35 0.921867 0.613479 0.043172 0.023583
