1 0.751437 0.616437 0.025531 0.154883
1 0.731344 0.627991 0.040719 0.168178
1 0.179289 0.920140 0.103016 0.159720
1 0.650883 0.506998 0.041859 0.164556
1 0.728859 0.445724 0.029344 0.136822
1 0.480945 0.529019 0.022547 0.121869
85 0.565109 0.461203 0.090281 0.143107
85 0.089461 0.388528 0.074766 0.102710
85 0.904266 0.406168 0.064406 0.097196
85 0.365586 0.316530 0.043578 0.075491
85 0.660805 0.350210 0.052234 0.078131
85 0.043477 0.335829 0.055203 0.086098
1 0.299461 0.494007 0.029891 0.138808
1 0.416406 0.257068 0.015875 0.051005
1 0.453836 0.245082 0.013266 0.055864
1 0.678531 0.568949 0.032125 0.165561
1 0.431531 0.248026 0.013562 0.061706
1 0.206453 0.226332 0.011906 0.066028
1 0.926797 0.671729 0.055875 0.193318
3 0.736031 0.242173 0.082812 0.046869
10 0.613164 0.182185 0.008859 0.030257
