6 0.060742 0.646426 0.105641 0.068154
6 0.908133 0.663322 0.151984 0.109933
6 0.314234 0.661326 0.071188 0.056812
1 0.255852 0.677802 0.006891 0.011711
1 0.286023 0.683742 0.005266 0.010570
85 0.665445 0.189782 0.026234 0.078960
1 0.014289 0.823104 0.028578 0.187886
1 0.047922 0.754346 0.015531 0.097617
31 0.025477 0.861409 0.018797 0.053289
6 0.406461 0.651812 0.108547 0.064497
1 0.275367 0.691594 0.008109 0.040906
1 0.429320 0.681795 0.008609 0.011577
3 0.891188 0.711225 0.033313 0.020973
3 0.698883 0.699883 0.030703 0.015403
3 0.971672 0.712752 0.025281 0.015436
1 0.308375 0.680755 0.005625 0.013859
1 0.231945 0.678893 0.005672 0.011208
1 0.324039 0.682349 0.005922 0.015436
1 0.384258 0.698993 0.002141 0.010134
3 0.847906 0.707483 0.048375 0.022819
1 0.037750 0.761040 0.026812 0.092013
1 0.048828 0.719648 0.007719 0.028356
