62 0.884344 0.774262 0.231312 0.425059
62 0.768312 0.629988 0.053938 0.226393
62 0.359141 0.607775 0.063406 0.218595
62 0.205336 0.744087 0.182453 0.408829
62 0.737609 0.815023 0.051000 0.184426
1 0.495969 0.559930 0.445469 0.880141
1 0.878953 0.568489 0.183000 0.373607
1 0.194125 0.528068 0.229781 0.331077
1 0.119484 0.369005 0.086719 0.183255
1 0.955719 0.466335 0.087406 0.123255
1 0.692258 0.549274 0.093516 0.259204
1 0.124664 0.450082 0.069266 0.089719
46 0.118445 0.749438 0.092953 0.312365
46 0.105086 0.519988 0.022266 0.054918
46 0.082977 0.515094 0.023797 0.065035
46 0.058359 0.512518 0.024813 0.057400
67 0.644594 0.594813 0.114469 0.135433
1 0.252070 0.434602 0.027422 0.071874
1 0.631148 0.467974 0.072766 0.118103
46 0.910148 0.503419 0.061922 0.062529
46 0.953555 0.473724 0.019234 0.057330
46 0.038008 0.815129 0.075922 0.368150
46 0.023187 0.605960 0.046375 0.054028
46 0.029250 0.585328 0.058500 0.052810
46 0.944047 0.562974 0.028469 0.091054
46 0.981633 0.565129 0.025828 0.078454
46 0.615133 0.509555 0.019109 0.052225
62 0.725125 0.622307 0.051313 0.206440
62 0.296000 0.555984 0.059406 0.132295
1 0.038859 0.500597 0.077719 0.287190
62 0.403086 0.551183 0.061859 0.102881
62 0.063211 0.590831 0.029453 0.072951
67 0.127375 0.774016 0.251281 0.425972
67 0.942484 0.615714 0.115031 0.215738
1 0.317648 0.485082 0.053422 0.129696
46 0.588984 0.507307 0.022375 0.047494
1 0.272141 0.478431 0.051125 0.135410
67 0.797141 0.517482 0.021875 0.041850
