1 0.730771 0.642508 0.342000 0.613797
1 0.067000 0.064414 0.102625 0.125391
1 0.638198 0.077531 0.125854 0.128094
1 0.331740 0.104844 0.107354 0.053125
1 0.782562 0.052211 0.140250 0.099391
43 0.847948 0.707906 0.061146 0.118438
1 0.284948 0.067891 0.099937 0.121219
62 0.572281 0.084625 0.091854 0.105469
62 0.781271 0.114977 0.096083 0.046391
62 0.894354 0.118641 0.101542 0.044531
62 0.977135 0.116711 0.045729 0.045734
85 0.444125 0.495328 0.154875 0.120687
1 0.175104 0.049047 0.104833 0.098094
1 0.962115 0.049414 0.075771 0.098828
85 0.613406 0.497891 0.139687 0.049938
1 0.501198 0.052141 0.132687 0.104281
62 0.021490 0.034437 0.042979 0.033094
62 0.205365 0.039766 0.019479 0.028656
1 0.030760 0.088016 0.053979 0.073875
