85 0.093031 0.241546 0.027062 0.045621
62 0.082867 0.925422 0.093484 0.147190
31 0.876438 0.751721 0.017406 0.044660
31 0.713023 0.798946 0.021984 0.077143
1 0.574836 0.822424 0.104109 0.313981
85 0.150594 0.255047 0.015188 0.038665
1 0.301180 0.749157 0.034953 0.173349
1 0.259117 0.752061 0.044953 0.171475
1 0.239359 0.745843 0.025656 0.174496
1 0.219047 0.694098 0.026781 0.095316
1 0.913070 0.783138 0.044984 0.195504
1 0.889227 0.738185 0.025422 0.164848
1 0.854937 0.737482 0.046281 0.168829
1 0.669727 0.835562 0.046297 0.269859
1 0.485578 0.769415 0.049219 0.223419
1 0.622289 0.825749 0.057391 0.288595
62 0.005172 0.919204 0.009844 0.116909
1 0.751797 0.744801 0.035219 0.183185
1 0.071383 0.865773 0.089734 0.208923
