1 0.165172 0.757304 0.330343 0.413497
1 0.758717 0.290147 0.238676 0.239641
1 0.512304 0.709592 0.630882 0.536928
44 0.478464 0.414657 0.031928 0.075131
44 0.585123 0.387492 0.045964 0.150899
81 0.506740 0.680899 0.941585 0.588758
81 0.772377 0.452500 0.336160 0.116667
47 0.054485 0.571634 0.061127 0.066569
90 0.314967 0.675482 0.027353 0.028317
90 0.944812 0.293056 0.027173 0.056601
90 0.684641 0.624346 0.126144 0.034510
90 0.784371 0.302712 0.083644 0.048105
1 0.909224 0.287958 0.139559 0.330752
47 0.509248 0.334273 0.062484 0.088742
