2 0.453734 0.522447 0.017625 0.068171
3 0.841711 0.144489 0.062734 0.119905
3 0.852125 0.403195 0.041500 0.146105
4 0.638547 0.438468 0.026937 0.088527
4 0.844555 0.314454 0.054953 0.119359
1 0.333781 0.860903 0.040375 0.206366
1 0.453961 0.466413 0.029797 0.044276
1 0.638289 0.391069 0.041266 0.110166
1 0.767945 0.398931 0.034891 0.127411
1 0.798219 0.389394 0.027031 0.133040
1 0.621125 0.046912 0.027750 0.091924
1 0.453641 0.440273 0.041063 0.062827
31 0.331445 0.829157 0.024484 0.074846
31 0.785687 0.396532 0.003313 0.017340
8 0.469750 0.186057 0.044562 0.115392
13 0.692187 0.047411 0.031781 0.047743
1 0.222508 0.553242 0.032422 0.074086
