1 0.554734 0.501000 0.484875 0.532292
1 0.641844 0.198854 0.096469 0.239167
1 0.834352 0.248938 0.065297 0.152583
1 0.811648 0.235469 0.035453 0.085979
1 0.386375 0.214437 0.065844 0.155083
1 0.305383 0.161927 0.033391 0.032271
1 0.183711 0.189885 0.064047 0.150562
1 0.105719 0.150604 0.020563 0.038000
1 0.694359 0.220896 0.050313 0.159167
1 0.464953 0.188656 0.067844 0.139562
1 0.332031 0.145615 0.031938 0.065187
1 0.294680 0.139708 0.032891 0.053542
60 0.325258 0.748979 0.046141 0.042917
60 0.360984 0.768313 0.049188 0.045292
60 0.419172 0.777958 0.051562 0.040583
60 0.452617 0.742958 0.024703 0.026292
60 0.346164 0.649573 0.025172 0.030479
60 0.316281 0.642396 0.047313 0.029333
60 0.389742 0.816760 0.060484 0.043479
60 0.367367 0.859687 0.060391 0.049042
60 0.320641 0.680573 0.030312 0.031563
60 0.338625 0.617531 0.034437 0.029604
60 0.361695 0.624521 0.026984 0.024208
67 0.502523 0.791479 0.994953 0.390125
60 0.441094 0.641917 0.041969 0.029625
1 0.080961 0.156802 0.034641 0.041354
60 0.413078 0.639990 0.023656 0.020646
