1 0.436933 0.590090 0.363360 0.583340
1 0.606600 0.407210 0.366373 0.797300
1 0.142173 0.353720 0.158640 0.278400
1 0.863520 0.225310 0.016800 0.033260
1 0.772333 0.203120 0.014853 0.017200
1 0.386720 0.259700 0.065920 0.139320
35 0.269360 0.512820 0.056160 0.033080
1 0.810947 0.191150 0.005947 0.012980
1 0.034453 0.366290 0.062933 0.453940
1 0.248587 0.153720 0.014027 0.024320
1 0.294387 0.334100 0.151280 0.331600
35 0.313013 0.898280 0.508053 0.203440
35 0.410893 0.859070 0.731760 0.144100
35 0.081293 0.571350 0.152880 0.045780
35 0.117440 0.496380 0.103627 0.033680
35 0.237920 0.508270 0.119040 0.026780
