9 0.340102 0.462126 0.090797 0.602874
9 0.681203 0.552184 0.050375 0.405172
9 0.549984 0.582213 0.033500 0.326724
9 0.477438 0.637816 0.029313 0.210460
9 0.609758 0.620891 0.045203 0.248333
9 0.261563 0.689943 0.011187 0.069540
1 0.307234 0.707759 0.008750 0.046437
9 0.706883 0.713391 0.009578 0.057586
9 0.733844 0.715948 0.014531 0.056264
9 0.752359 0.717471 0.013000 0.054828
9 0.128688 0.655172 0.019969 0.154023
9 0.199000 0.678305 0.021750 0.110287
1 0.332969 0.680948 0.010531 0.031207
1 0.309992 0.719971 0.009672 0.023046
9 0.037820 0.666638 0.013703 0.119828
