62 0.603310 0.811822 0.138500 0.346235
62 0.384120 0.816130 0.151360 0.346235
62 0.191630 0.837846 0.145180 0.324307
9 0.066350 0.359518 0.068700 0.032349
1 0.209720 0.782349 0.167280 0.393313
1 0.403630 0.737078 0.219340 0.503373
1 0.734870 0.670783 0.159660 0.635964
28 0.440180 0.465181 0.474480 0.777530
28 0.762260 0.479819 0.473440 0.950663
47 0.644210 0.850617 0.024540 0.044970
62 0.839470 0.833886 0.145900 0.328614
47 0.497090 0.855166 0.027940 0.028283
47 0.577410 0.854157 0.032580 0.020241
47 0.578480 0.832711 0.036680 0.024036
