72 0.676937 0.344941 0.133438 0.191007
44 0.820016 0.781956 0.029094 0.114075
44 0.392844 0.511288 0.011969 0.071803
44 0.217109 0.694953 0.021375 0.120164
44 0.240969 0.700316 0.022375 0.106253
44 0.046906 0.501920 0.012500 0.047635
63 0.741852 0.750468 0.439297 0.499063
63 0.305000 0.543794 0.329188 0.314239
1 0.396031 0.563044 0.134438 0.357986
1 0.242234 0.487635 0.127250 0.197752
1 0.646195 0.723595 0.359828 0.476417
1 0.243531 0.880831 0.308063 0.238337
1 0.815469 0.817763 0.369062 0.359461
1 0.061305 0.664754 0.122609 0.385948
85 0.956070 0.109824 0.017078 0.028829
85 0.950352 0.109403 0.057453 0.119040
73 0.573758 0.498044 0.086797 0.112482
51 0.221617 0.643712 0.086109 0.080023
77 0.262477 0.909262 0.026609 0.070515
1 0.072602 0.852845 0.145203 0.150656
47 0.311148 0.583841 0.022203 0.044075
44 0.080039 0.544040 0.016578 0.073044
44 0.313312 0.628934 0.016750 0.049297
1 0.102164 0.661335 0.142484 0.183466
