39 0.717562 0.622771 0.030375 0.058000
40 0.825531 0.792271 0.023469 0.043167
1 0.683328 0.737583 0.118844 0.259208
1 0.636469 0.428531 0.047531 0.115771
1 0.571977 0.413083 0.045703 0.104083
1 0.441055 0.377594 0.077609 0.115021
1 0.391313 0.381594 0.030344 0.096479
1 0.334758 0.366469 0.054203 0.100021
1 0.491828 0.396292 0.048688 0.111292
1 0.868820 0.776406 0.085953 0.186521
62 0.498383 0.075292 0.017016 0.010292
62 0.490672 0.085240 0.016813 0.013729
62 0.504469 0.098729 0.011906 0.010375
62 0.709836 0.155187 0.018672 0.013750
62 0.729539 0.162219 0.020766 0.019979
62 0.536531 0.246510 0.019250 0.009937
62 0.731961 0.188479 0.018609 0.010333
1 0.766375 0.442000 0.056563 0.128417
1 0.606969 0.420740 0.039031 0.106313
1 0.675766 0.435823 0.043188 0.113229
1 0.715719 0.442594 0.054062 0.113896
15 0.524711 0.417698 0.050266 0.021062
62 0.480750 0.094052 0.010375 0.008813
62 0.707477 0.176667 0.019922 0.012417
62 0.888305 0.132062 0.020703 0.013792
62 0.743836 0.214198 0.020359 0.027146
62 0.723547 0.205656 0.018625 0.017354
1 0.951039 0.942344 0.077891 0.114104
62 0.725398 0.178042 0.018109 0.011875
