72 0.471219 0.352248 0.095750 0.105386
63 0.251273 0.780691 0.493953 0.433466
63 0.736773 0.702295 0.314234 0.501077
81 0.048734 0.293852 0.096937 0.042553
84 0.305828 0.303525 0.008625 0.039789
84 0.317297 0.362974 0.014875 0.053724
84 0.309656 0.454356 0.019594 0.061827
84 0.282078 0.295995 0.019875 0.073536
84 0.305820 0.373478 0.023766 0.069859
84 0.315391 0.448618 0.025000 0.068197
84 0.325313 0.519333 0.085344 0.107143
84 0.299906 0.374754 0.021344 0.063981
27 0.265961 0.556019 0.103422 0.157799
64 0.577586 0.399696 0.027984 0.056112
64 0.033648 0.218080 0.014422 0.027916
64 0.006406 0.218571 0.012406 0.031803
73 0.479148 0.544450 0.084578 0.049180
84 0.293617 0.300749 0.005609 0.058080
84 0.345187 0.284859 0.006469 0.065831
84 0.352438 0.356581 0.026781 0.057705
47 0.539539 0.529286 0.022016 0.053888
62 0.246719 0.774742 0.493438 0.427096
62 0.783297 0.432471 0.149031 0.096089
84 0.293234 0.463841 0.030531 0.079906
86 0.257227 0.240585 0.014172 0.016300
84 0.304602 0.294005 0.024141 0.068525
