1 0.559016 0.945447 0.013531 0.044682
1 0.546367 0.938624 0.016828 0.051600
1 0.581516 0.930000 0.010906 0.029318
1 0.575609 0.922565 0.006906 0.027859
1 0.568945 0.922094 0.010734 0.039624
1 0.550469 0.909012 0.008781 0.024565
1 0.532867 0.929518 0.010797 0.044118
1 0.525852 0.988141 0.014422 0.023718
1 0.541523 0.906612 0.005141 0.020847
1 0.511773 0.989000 0.014297 0.021953
1 0.574883 0.993541 0.006734 0.012918
1 0.510469 0.928071 0.016844 0.058024
1 0.562828 0.980812 0.013719 0.038376
28 0.381242 0.943259 0.044484 0.026706
