72 0.047953 0.193384 0.095906 0.129175
62 0.539969 0.830106 0.250750 0.313986
62 0.211836 0.807075 0.295266 0.385849
62 0.082375 0.622618 0.095312 0.214858
62 0.452570 0.488762 0.030484 0.080637
62 0.918813 0.569175 0.047938 0.076604
62 0.727602 0.531851 0.035766 0.058325
62 0.889000 0.490519 0.034375 0.080283
62 0.637953 0.515047 0.027344 0.074151
47 0.627273 0.594269 0.023078 0.049151
47 0.602219 0.601663 0.025344 0.049175
47 0.557914 0.547795 0.013203 0.039316
47 0.641609 0.574941 0.024125 0.047995
47 0.389922 0.545708 0.029344 0.068208
47 0.425203 0.601073 0.022312 0.053797
47 0.329594 0.588939 0.024625 0.050802
47 0.589367 0.468986 0.009484 0.019104
1 0.267773 0.686710 0.244141 0.621816
1 0.511391 0.546061 0.200969 0.301132
1 0.702070 0.433125 0.028547 0.073656
1 0.606758 0.422983 0.025922 0.036203
1 0.359633 0.474127 0.058578 0.144057
1 0.319906 0.482948 0.093844 0.186085
1 0.098125 0.473101 0.060281 0.076156
1 0.165609 0.529198 0.062406 0.216934
1 0.780414 0.604434 0.242047 0.487123
1 0.570867 0.392512 0.033391 0.083042
1 0.136586 0.399599 0.033891 0.061840
31 0.162344 0.799552 0.118938 0.361557
47 0.600086 0.479670 0.010984 0.021226
62 0.820305 0.798573 0.333484 0.380401
62 0.418961 0.505672 0.053203 0.102146
67 0.039484 0.590071 0.078969 0.255708
67 0.600102 0.509788 0.053609 0.082311
1 0.331922 0.432205 0.028156 0.066439
62 0.367445 0.489823 0.036797 0.065401
62 0.464742 0.457429 0.023859 0.039670
1 0.398430 0.398774 0.020328 0.058585
62 0.469805 0.481333 0.011172 0.042854
67 0.323672 0.482311 0.024781 0.046226
67 0.508695 0.637087 0.433797 0.278892
