7 0.593500 0.524976 0.812625 0.196871
6 0.881937 0.508988 0.229813 0.168518
1 0.764711 0.602988 0.019328 0.080847
3 0.844562 0.597918 0.058188 0.060541
3 0.697891 0.609529 0.151688 0.075906
3 0.603078 0.596059 0.096156 0.068071
8 0.905430 0.592247 0.128953 0.080165
1 0.402469 0.506894 0.005906 0.018071
3 0.458797 0.601894 0.085469 0.071553
3 0.386281 0.600929 0.085250 0.076353
3 0.988617 0.600000 0.022766 0.039529
3 0.316336 0.605259 0.106734 0.082376
3 0.532062 0.599765 0.089312 0.074165
3 0.651258 0.581141 0.059453 0.031271
3 0.702891 0.568553 0.054813 0.020965
8 0.787000 0.597518 0.095594 0.076824
