20 0.578602 0.693403 0.080484 0.095083
6 0.858359 0.649181 0.161406 0.144306
1 0.329234 0.739847 0.063187 0.284417
1 0.235117 0.771917 0.091016 0.388778
20 0.637164 0.685653 0.044578 0.087639
8 0.636445 0.620653 0.276828 0.577528
31 0.260367 0.699222 0.027484 0.145778
31 0.315844 0.687042 0.020688 0.081972
1 0.279617 0.691722 0.031141 0.203611
8 0.965688 0.652917 0.068625 0.155333
20 0.587773 0.727708 0.023703 0.037861
1 0.317102 0.654681 0.018297 0.064639
1 0.983289 0.644514 0.011016 0.023306
31 0.355648 0.800042 0.037953 0.080528
