85 0.266750 0.486009 0.011687 0.016901
3 0.957547 0.787641 0.084844 0.086502
3 0.029812 0.815176 0.047688 0.113310
3 0.884367 0.732066 0.046297 0.043944
6 0.462945 0.796631 0.767328 0.280915
6 0.931227 0.695376 0.085641 0.092864
1 0.949992 0.722629 0.017078 0.043709
1 0.854180 0.762136 0.024859 0.083709
1 0.358156 0.748181 0.037656 0.090915
1 0.885195 0.831174 0.033891 0.139437
1 0.836039 0.757559 0.012922 0.076948
1 0.012906 0.841362 0.025812 0.156103
1 0.012461 0.738556 0.014203 0.044671
1 0.262164 0.628627 0.014797 0.032465
1 0.865281 0.709108 0.011219 0.015728
3 0.935367 0.745622 0.060547 0.060634
1 0.957984 0.732265 0.008438 0.023638
1 0.842422 0.705962 0.008781 0.017042
3 0.851203 0.735681 0.051938 0.047700
3 0.718031 0.885528 0.187406 0.169836
1 0.926695 0.729120 0.032953 0.058099
1 0.741680 0.834296 0.020328 0.024038
3 0.988781 0.699777 0.022437 0.021667
31 0.874867 0.853533 0.019266 0.024765
