42 0.762625 0.807656 0.102844 0.151172
1 0.433234 0.639746 0.030969 0.197695
1 0.394820 0.641289 0.035766 0.196719
1 0.764828 0.791191 0.049344 0.327383
1 0.916328 0.681582 0.007969 0.029336
1 0.941477 0.680977 0.008828 0.043281
1 0.317805 0.624785 0.014203 0.135117
1 0.548281 0.585625 0.006344 0.030391
1 0.044656 0.765059 0.063594 0.169414
38 0.451328 0.379746 0.017969 0.041602
38 0.359578 0.052402 0.045500 0.101523
1 0.474359 0.751602 0.090594 0.101328
1 0.511438 0.588691 0.005781 0.052773
1 0.523258 0.582715 0.008453 0.066055
38 0.824875 0.506660 0.007531 0.031836
38 0.768609 0.531777 0.007750 0.020898
38 0.728164 0.526855 0.007453 0.021602
42 0.425531 0.885508 0.089844 0.070859
1 0.516570 0.580781 0.004703 0.018437
38 0.116734 0.729355 0.233469 0.239570
