1 0.820780 0.608914 0.314352 0.753953
43 0.611088 0.668547 0.332330 0.106688
43 0.154451 0.529531 0.308901 0.102250
1 0.503022 0.606164 0.285736 0.744797
1 0.237912 0.622227 0.288264 0.711109
1 0.100648 0.482062 0.201297 0.637875
1 0.222264 0.197891 0.171429 0.180250
1 0.723209 0.219336 0.112791 0.153297
1 0.645934 0.399828 0.223868 0.441375
1 0.915791 0.331984 0.168418 0.339000
1 0.349297 0.492164 0.254637 0.620047
43 0.887275 0.597359 0.225451 0.099406
43 0.054462 0.420516 0.108923 0.077031
43 0.673495 0.522055 0.105363 0.045703
