3 0.228109 0.582969 0.125406 0.087563
3 0.212102 0.610776 0.067703 0.072022
3 0.208664 0.590054 0.076984 0.079061
3 0.324180 0.487356 0.055297 0.036949
4 0.444484 0.777527 0.301500 0.417978
1 0.467828 0.665171 0.328750 0.633700
1 0.167148 0.574819 0.036703 0.062960
1 0.526508 0.614810 0.336391 0.615144
3 0.274398 0.490875 0.081266 0.038394
1 0.289383 0.593412 0.036953 0.105451
1 0.150883 0.616255 0.051797 0.061859
3 0.203281 0.495325 0.086656 0.047870
3 0.181555 0.470523 0.050359 0.030361
3 0.607281 0.611661 0.038594 0.084296
