1 0.376797 0.518729 0.398438 0.683153
1 0.661078 0.493259 0.152219 0.635976
1 0.725734 0.385694 0.091406 0.444094
1 0.827961 0.511694 0.139547 0.237976
40 0.609000 0.775906 0.123438 0.168847
1 0.020148 0.506741 0.037297 0.582000
1 0.988711 0.363459 0.022578 0.356424
39 0.133555 0.683341 0.045953 0.252282
39 0.153688 0.696800 0.036344 0.222306
1 0.447641 0.519341 0.134219 0.468800
15 0.134711 0.655376 0.229047 0.234047
39 0.076883 0.684576 0.070266 0.258376
1 0.013828 0.209529 0.027656 0.057412
1 0.560508 0.451729 0.105203 0.467835
