82 0.360891 0.360389 0.054844 0.420590
62 0.728000 0.769670 0.232250 0.438208
62 0.191195 0.622960 0.139828 0.308467
67 0.352836 0.836108 0.527016 0.305613
1 0.663016 0.437877 0.181656 0.559340
1 0.299242 0.610118 0.196516 0.325849
1 0.532820 0.744163 0.289016 0.508042
50 0.415969 0.807465 0.048844 0.067901
51 0.867031 0.421733 0.079563 0.062948
61 0.331234 0.854245 0.177125 0.184245
46 0.756289 0.369575 0.021172 0.080755
47 0.602031 0.363821 0.027281 0.083302
50 0.246266 0.764717 0.099562 0.072217
47 0.378203 0.732170 0.047750 0.092406
47 0.776242 0.374717 0.030297 0.047547
1 0.453422 0.455849 0.108406 0.563632
