3 0.937305 0.580635 0.125391 0.122071
6 0.462602 0.559553 0.758078 0.692141
1 0.924352 0.746318 0.054828 0.218094
1 0.915484 0.758012 0.168156 0.274000
1 0.734602 0.375224 0.054391 0.087294
1 0.947445 0.654612 0.031672 0.134447
1 0.879102 0.666788 0.041578 0.160118
1 0.784766 0.665329 0.014031 0.128212
1 0.737523 0.650353 0.024766 0.143294
1 0.916086 0.718635 0.059609 0.206071
31 0.894094 0.733765 0.019719 0.058071
31 0.865992 0.660353 0.019703 0.046447
1 0.277984 0.631882 0.031062 0.048235
1 0.623992 0.361576 0.031391 0.089176
1 0.818562 0.692765 0.017531 0.126800
1 0.994805 0.797976 0.010391 0.226071
1 0.568992 0.650247 0.029047 0.068635
