1 0.768583 0.510914 0.031124 0.025141
1 0.489988 0.687055 0.163255 0.457234
1 0.366265 0.725227 0.266674 0.515766
1 0.828747 0.559375 0.052857 0.107344
27 0.929555 0.600445 0.045199 0.052703
1 0.875141 0.607563 0.081991 0.237031
1 0.223501 0.672492 0.198290 0.383422
1 0.935796 0.609320 0.047283 0.196734
1 0.168478 0.599984 0.132084 0.230000
1 0.056792 0.518461 0.113583 0.072578
1 0.914098 0.596742 0.106089 0.223172
31 0.927752 0.605180 0.056628 0.057234
1 0.716581 0.715727 0.213443 0.537516
1 0.960433 0.562172 0.046206 0.121156
