77 0.578979 0.732820 0.076042 0.017984
1 0.497250 0.550375 0.994500 0.899250
47 0.686729 0.240187 0.091208 0.071094
51 0.595042 0.459789 0.150792 0.064359
51 0.499677 0.481797 0.191729 0.055750
51 0.913479 0.438594 0.173042 0.090125
67 0.650229 0.470492 0.699542 0.126766
47 0.684531 0.280031 0.094563 0.026406
47 0.664292 0.407633 0.092250 0.020078
47 0.687448 0.302602 0.100437 0.028578
47 0.679219 0.329539 0.100229 0.026516
47 0.676333 0.337742 0.094333 0.026391
67 0.651083 0.594805 0.692625 0.363641
47 0.673823 0.347211 0.094313 0.031172
47 0.314802 0.468422 0.051312 0.089500
47 0.667365 0.389102 0.096062 0.031234
47 0.661188 0.430109 0.099458 0.039219
47 0.670500 0.368445 0.096292 0.029641
47 0.670958 0.358445 0.098875 0.026859
