38 0.399672 0.443150 0.021188 0.024333
38 0.348258 0.685222 0.071484 0.045714
38 0.342727 0.296674 0.030672 0.025386
38 0.668500 0.725433 0.146812 0.058361
38 0.452305 0.728560 0.185234 0.058806
38 0.433789 0.777295 0.161422 0.072857
38 0.720016 0.607564 0.020750 0.017705
38 0.334750 0.515316 0.097344 0.016019
38 0.374000 0.540047 0.027969 0.020468
38 0.181750 0.506007 0.186250 0.030609
38 0.263758 0.520246 0.033609 0.022178
38 0.414461 0.498150 0.023172 0.019251
38 0.353203 0.656967 0.030094 0.025831
