62 0.164340 0.895775 0.121640 0.175294
74 0.279350 0.807206 0.033340 0.016765
76 0.151700 0.808743 0.094480 0.024064
84 0.537890 0.807861 0.023540 0.186524
84 0.677910 0.918195 0.056300 0.163610
84 0.786540 0.949198 0.151600 0.101337
84 0.776800 0.942687 0.142800 0.114626
84 0.757570 0.852447 0.123060 0.019920
88 0.546730 0.508463 0.104180 0.180027
88 0.372650 0.491123 0.092860 0.147326
88 0.714940 0.507567 0.286120 0.314332
88 0.475570 0.459345 0.152060 0.214198
88 0.493770 0.509960 0.145620 0.232273
1 0.533170 0.960829 0.069020 0.078342
1 0.071150 0.939987 0.139820 0.118690
1 0.387580 0.942219 0.213200 0.115561
84 0.887080 0.932273 0.108080 0.135455
84 0.451560 0.907139 0.016240 0.063583
84 0.464210 0.719184 0.027340 0.167834
84 0.549840 0.801484 0.030800 0.183824
84 0.061580 0.727794 0.071800 0.114572
84 0.063340 0.802179 0.072040 0.095214
84 0.886430 0.713155 0.119220 0.026203
72 0.139880 0.725976 0.132120 0.189599
84 0.793360 0.813329 0.011520 0.043930
