4 0.574828 0.707862 0.668750 0.584276
1 0.584625 0.642874 0.216500 0.610327
1 0.460609 0.344942 0.097688 0.321332
1 0.944883 0.431051 0.108984 0.541822
1 0.651469 0.396636 0.139750 0.352804
1 0.196383 0.638154 0.170547 0.497991
1 0.158266 0.417687 0.069656 0.339112
1 0.274477 0.292582 0.089359 0.315491
1 0.366422 0.103773 0.064719 0.207547
1 0.728625 0.543855 0.207250 0.660093
1 0.111961 0.323598 0.061609 0.170794
1 0.750891 0.340935 0.066438 0.285981
1 0.529570 0.198505 0.057547 0.145374
4 0.187578 0.674509 0.374531 0.420935
1 0.305508 0.550421 0.162422 0.479393
