1 0.866477 0.769225 0.018109 0.080700
1 0.792891 0.688913 0.018594 0.059525
1 0.694312 0.570187 0.013437 0.055925
1 0.582180 0.588037 0.014172 0.049075
35 0.865195 0.808225 0.024078 0.020200
1 0.815188 0.774813 0.028031 0.051875
1 0.649344 0.582537 0.014531 0.052375
1 0.679977 0.568975 0.020609 0.045950
1 0.378469 0.505637 0.013688 0.054325
35 0.648234 0.612100 0.011562 0.008050
35 0.695773 0.591912 0.011266 0.008625
35 0.277227 0.527637 0.018828 0.018575
1 0.479680 0.507737 0.010797 0.023225
35 0.827508 0.798525 0.019578 0.018650
35 0.677398 0.589813 0.012578 0.004225
1 0.281352 0.505425 0.030641 0.053250
1 0.593352 0.553475 0.011359 0.022650
1 0.301625 0.511463 0.013281 0.018525
35 0.789766 0.713213 0.032375 0.022125
