19 0.449859 0.536335 0.285500 0.390498
19 0.694328 0.501719 0.283062 0.278959
19 0.888641 0.495317 0.188437 0.196606
9 0.942320 0.340577 0.038609 0.022466
9 0.984750 0.347557 0.030500 0.016606
1 0.604883 0.368518 0.062359 0.128665
1 0.685406 0.411708 0.099844 0.217896
1 0.769656 0.406131 0.054375 0.068552
1 0.460938 0.379774 0.058969 0.098869
1 0.841922 0.430011 0.067250 0.106629
9 0.717031 0.334864 0.020563 0.013348
19 0.523781 0.475769 0.149438 0.122172
19 0.565406 0.385260 0.058594 0.076357
19 0.574406 0.490317 0.122906 0.228190
9 0.890125 0.335452 0.010531 0.014072
9 0.827187 0.335995 0.013219 0.010814
9 0.820172 0.330939 0.019281 0.006584
9 0.793422 0.325068 0.011875 0.004615
9 0.743406 0.327907 0.010437 0.011335
1 0.849672 0.389446 0.054562 0.052376
9 0.579000 0.328722 0.006281 0.009299
9 0.534820 0.326821 0.007422 0.008394
19 0.730164 0.421708 0.061672 0.035090
1 0.397125 0.398948 0.099719 0.213914
9 0.559820 0.335419 0.012266 0.002828
