1 0.444250 0.559695 0.367969 0.768545
1 0.192945 0.732523 0.383547 0.522230
1 0.568273 0.509906 0.043641 0.124742
1 0.150992 0.426561 0.025453 0.105423
1 0.307500 0.539366 0.046156 0.138685
1 0.641391 0.511631 0.030031 0.040822
39 0.729867 0.433779 0.195391 0.102300
40 0.342781 0.586854 0.085750 0.101502
3 0.528281 0.510270 0.055844 0.038709
3 0.491250 0.513932 0.037812 0.029789
3 0.819516 0.526901 0.057563 0.024507
3 0.890703 0.521690 0.100469 0.041455
3 0.615516 0.503803 0.076281 0.047183
3 0.916711 0.517230 0.067453 0.045822
3 0.757313 0.510857 0.049156 0.049695
3 0.656789 0.506279 0.021266 0.048803
1 0.707359 0.569026 0.071281 0.274859
3 0.982922 0.520775 0.033906 0.045775
1 0.171625 0.434272 0.032031 0.106432
