64 0.571805 0.772426 0.735984 0.432723
6 0.689812 0.213923 0.101625 0.126856
1 0.308297 0.244443 0.022844 0.100916
28 0.522227 0.178391 0.368484 0.265099
15 0.412523 0.656770 0.807953 0.577896
15 0.391047 0.318527 0.325594 0.109134
1 0.348430 0.249035 0.027297 0.108416
2 0.025820 0.284257 0.050828 0.138614
27 0.349211 0.224988 0.018641 0.042748
1 0.463312 0.314171 0.146844 0.149728
28 0.334000 0.184616 0.027719 0.023540
1 0.637031 0.297302 0.203000 0.163267
2 0.825547 0.603886 0.218062 0.672723
