1 0.814016 0.442812 0.070250 0.080042
1 0.628969 0.437292 0.059500 0.097667
1 0.780086 0.307635 0.076359 0.154979
1 0.795984 0.208708 0.050906 0.087500
1 0.360836 0.440760 0.045734 0.048771
1 0.714469 0.113521 0.062437 0.099375
39 0.518711 0.873010 0.051016 0.095229
1 0.320391 0.184083 0.072125 0.095500
1 0.617828 0.713562 0.088094 0.140042
15 0.522477 0.716854 0.316859 0.112375
15 0.895727 0.764833 0.202359 0.091917
39 0.522250 0.850385 0.059375 0.141271
1 0.267430 0.319510 0.071297 0.112771
1 0.494664 0.900000 0.116297 0.177542
1 0.875742 0.950469 0.105734 0.099062
1 0.581891 0.119490 0.052375 0.084229
62 0.393914 0.331365 0.035234 0.046062
62 0.164273 0.264688 0.020766 0.035417
62 0.145781 0.126188 0.038125 0.025000
1 0.702820 0.981938 0.045047 0.036125
62 0.149289 0.162010 0.039859 0.029396
62 0.311320 0.285312 0.039047 0.046125
62 0.402422 0.181385 0.039156 0.035062
62 0.412945 0.216927 0.042359 0.025854
62 0.357344 0.101115 0.037187 0.065771
