63 0.456636 0.595695 0.900421 0.782797
1 0.500000 0.630336 1.000000 0.712359
1 0.227103 0.127187 0.269393 0.250250
75 0.876963 0.780016 0.102290 0.028406
75 0.679696 0.405977 0.124533 0.068016
44 0.745748 0.210211 0.047991 0.040016
75 0.787921 0.298891 0.052383 0.051656
75 0.768248 0.713352 0.102290 0.072016
1 0.641449 0.421609 0.717103 0.646188
73 0.441822 0.090016 0.146121 0.046250
44 0.113493 0.129852 0.018762 0.014641
1 0.902582 0.217016 0.194836 0.430500
63 0.694883 0.191930 0.392150 0.335266
