64 0.775258 0.836656 0.238891 0.326688
64 0.874266 0.658760 0.142469 0.137979
62 0.351648 0.822729 0.205453 0.354542
62 0.298203 0.772844 0.170531 0.356896
47 0.018578 0.781531 0.037156 0.123854
47 0.083375 0.773687 0.049438 0.109500
79 0.130367 0.854969 0.226859 0.266354
81 0.817266 0.643000 0.253094 0.110542
47 0.079742 0.618573 0.051984 0.053979
78 0.124055 0.520062 0.169891 0.074333
47 0.083148 0.736177 0.054859 0.099146
64 0.549180 0.619437 0.090266 0.184458
64 0.601141 0.688177 0.183906 0.400479
64 0.882141 0.855760 0.235719 0.287979
47 0.080242 0.663604 0.054047 0.051375
