1 0.822479 0.516750 0.291750 0.667875
1 0.366094 0.374375 0.132104 0.410594
1 0.100594 0.387180 0.197312 0.381172
1 0.467250 0.318305 0.091208 0.212953
1 0.711354 0.290148 0.079250 0.201047
27 0.835635 0.462703 0.214104 0.308438
27 0.329792 0.316469 0.141500 0.180125
31 0.503781 0.285398 0.071396 0.116391
33 0.504292 0.839531 0.243167 0.262750
33 0.435094 0.532883 0.144354 0.053672
33 0.666927 0.479086 0.121354 0.136266
1 0.527229 0.222914 0.032083 0.076984
1 0.653510 0.231492 0.047188 0.079359
1 0.631052 0.211180 0.036479 0.070922
1 0.595625 0.242914 0.056208 0.087734
27 0.143531 0.300984 0.061396 0.117656
33 0.446937 0.575461 0.147500 0.061016
33 0.444948 0.727445 0.178021 0.272859
1 0.564677 0.223008 0.026646 0.061516
1 0.865542 0.679773 0.268917 0.640453
31 0.178625 0.313328 0.126458 0.139562
33 0.593271 0.262539 0.030208 0.029297
33 0.663094 0.265891 0.025979 0.034656
1 0.665396 0.195258 0.025125 0.038641
27 0.644875 0.219289 0.020625 0.028297
27 0.503510 0.660266 0.187771 0.097812
27 0.668552 0.478461 0.121979 0.132234
1 0.204573 0.300484 0.084146 0.165219
