44 0.933314 0.658172 0.039274 0.083312
63 0.295269 0.580508 0.378735 0.218422
1 0.495117 0.404500 0.848782 0.597750
84 0.372096 0.504836 0.036792 0.083453
84 0.320293 0.212898 0.024707 0.069266
84 0.297237 0.396727 0.035878 0.075672
84 0.285164 0.217258 0.016511 0.068547
84 0.429005 0.508281 0.025831 0.072875
84 0.386101 0.399117 0.059040 0.017703
84 0.413290 0.209953 0.032482 0.071375
84 0.365492 0.111687 0.055012 0.083062
84 0.274415 0.120539 0.031171 0.075422
84 0.405831 0.501070 0.035035 0.087297
84 0.387400 0.508047 0.017845 0.072469
84 0.440796 0.508961 0.024262 0.070391
84 0.454110 0.501875 0.028407 0.084000
