1 0.914250 0.539344 0.171500 0.899771
48 0.451047 0.860750 0.080094 0.210500
50 0.272414 0.510635 0.028734 0.107854
50 0.324461 0.639125 0.037672 0.069083
51 0.139937 0.768240 0.070062 0.080979
51 0.261273 0.908333 0.079828 0.095667
51 0.177102 0.945740 0.081078 0.100062
51 0.141250 0.623323 0.053812 0.067271
51 0.423875 0.906740 0.160125 0.159562
51 0.199977 0.572531 0.054047 0.057979
51 0.276625 0.582500 0.115187 0.098083
51 0.371906 0.780719 0.071375 0.079187
59 0.332742 0.699073 0.126609 0.100896
59 0.282266 0.566125 0.107344 0.064708
51 0.120469 0.582354 0.054344 0.056750
51 0.128375 0.710552 0.066531 0.066938
1 0.516469 0.562271 0.401156 0.844958
1 0.386531 0.497510 0.237312 0.422854
