1 0.339523 0.542229 0.476359 0.915542
46 0.636602 0.721198 0.135328 0.508146
86 0.120063 0.547594 0.042312 0.110479
1 0.770906 0.498708 0.458188 0.997375
44 0.822914 0.201458 0.080453 0.124500
44 0.957359 0.180312 0.085031 0.125167
44 0.921289 0.044417 0.081609 0.088833
44 0.924844 0.182094 0.085031 0.132771
44 0.843828 0.070115 0.073563 0.104562
44 0.949031 0.039354 0.040406 0.076542
44 0.912250 0.178385 0.108531 0.148438
44 0.817141 0.075896 0.068000 0.109250
44 0.977070 0.187625 0.044328 0.100625
46 0.430531 0.886229 0.117750 0.120625
46 0.162500 0.575937 0.037000 0.109458
44 0.787375 0.088625 0.035813 0.054458
44 0.874953 0.194260 0.088125 0.128271
44 0.848383 0.200063 0.083953 0.120958
86 0.176797 0.569969 0.056813 0.113646
44 0.799680 0.213219 0.045609 0.084812
47 0.039172 0.603010 0.059844 0.106729
