1 0.199547 0.798080 0.046812 0.165948
1 0.129328 0.721288 0.067469 0.101124
1 0.162086 0.819941 0.051234 0.132295
1 0.287422 0.666019 0.047531 0.065433
1 0.340906 0.673653 0.034937 0.075785
1 0.083063 0.752283 0.049531 0.084848
73 0.670195 0.739859 0.498891 0.500000
62 0.960898 0.477635 0.078203 0.242108
1 0.282109 0.750422 0.041438 0.128384
1 0.231336 0.695820 0.049641 0.128361
1 0.029898 0.782166 0.059797 0.078759
1 0.321484 0.290667 0.040469 0.181944
1 0.392273 0.691546 0.035109 0.071756
62 0.162820 0.856007 0.072422 0.081897
67 0.132062 0.786827 0.101469 0.081569
62 0.971875 0.613560 0.056250 0.211007
62 0.984742 0.403232 0.030516 0.108899
67 0.315281 0.663536 0.041938 0.051429
