60 0.456742 0.402813 0.256172 0.337083
60 0.633203 0.313521 0.132312 0.270833
60 0.632148 0.139833 0.101328 0.097583
60 0.463875 0.186833 0.257094 0.254667
60 0.308781 0.360260 0.070531 0.215354
60 0.097750 0.529219 0.192125 0.289896
60 0.200117 0.162146 0.130484 0.153208
60 0.084266 0.236396 0.155062 0.200000
60 0.192320 0.331781 0.129297 0.193354
60 0.068359 0.333344 0.136719 0.289062
60 0.333484 0.217375 0.033500 0.083417
60 0.617523 0.080115 0.096953 0.088104
60 0.245430 0.244813 0.095672 0.122333
