2 0.033156 0.665233 0.063438 0.359138
15 0.620000 0.735163 0.473281 0.220862
84 0.843117 0.397226 0.018266 0.039720
84 0.846875 0.455361 0.018219 0.041212
84 0.883664 0.456981 0.017672 0.039790
84 0.830016 0.456002 0.016781 0.037925
84 0.818375 0.399441 0.012594 0.030210
84 0.791055 0.395897 0.017516 0.023636
84 0.878195 0.397354 0.020797 0.045664
84 0.815875 0.456340 0.015844 0.035711
84 0.865555 0.458240 0.022016 0.035967
84 0.891234 0.517622 0.016438 0.041632
84 0.914000 0.458916 0.013875 0.040490
31 0.104078 0.515559 0.083281 0.290699
1 0.101969 0.586340 0.122969 0.648765
1 0.230469 0.678648 0.114469 0.391002
1 0.975602 0.579126 0.048797 0.355035
1 0.537914 0.662995 0.205891 0.388322
1 0.864195 0.656946 0.183359 0.363217
1 0.936945 0.593974 0.070828 0.310839
1 0.332383 0.460886 0.067922 0.183916
1 0.349812 0.658205 0.174844 0.406294
84 0.774016 0.512448 0.020906 0.045734
27 0.336625 0.491049 0.034000 0.112634
84 0.877125 0.522786 0.014000 0.036340
