32 0.337852 0.189393 0.031297 0.212757
1 0.607422 0.268902 0.111469 0.531729
1 0.356070 0.338026 0.164578 0.666659
1 0.267719 0.235584 0.083656 0.454953
61 0.535758 0.704498 0.359172 0.294369
87 0.211852 0.951028 0.064891 0.097944
67 0.457602 0.768540 0.909203 0.462921
1 0.221867 0.082874 0.022609 0.056495
87 0.210695 0.916449 0.064453 0.029065
1 0.279664 0.060759 0.018516 0.019790
1 0.303469 0.057558 0.018937 0.025818
1 0.186156 0.365491 0.137813 0.729486
1 0.107500 0.471098 0.215000 0.941682
1 0.076430 0.448049 0.149391 0.896098
