44 0.604828 0.856979 0.091656 0.213958
44 0.651516 0.827775 0.071813 0.238876
44 0.035125 0.685995 0.051844 0.248056
1 0.417180 0.468899 0.252234 0.606276
1 0.538422 0.498302 0.176219 0.474028
1 0.295445 0.414731 0.062547 0.230117
49 0.217406 0.766686 0.075281 0.092717
51 0.192422 0.868384 0.077531 0.096300
44 0.781781 0.535304 0.027781 0.159555
44 0.625938 0.489274 0.018375 0.076112
44 0.606656 0.510422 0.022969 0.157658
46 0.352164 0.802869 0.048984 0.096651
46 0.256250 0.871429 0.050000 0.163934
51 0.827969 0.561159 0.078719 0.063536
51 0.933539 0.545773 0.112641 0.065972
49 0.295891 0.765703 0.042781 0.068220
49 0.055117 0.481967 0.012234 0.047494
51 0.700023 0.602436 0.019266 0.029696
51 0.761047 0.638489 0.050625 0.034590
51 0.682625 0.600094 0.061219 0.037283
44 0.641695 0.492260 0.009516 0.096464
48 0.281258 0.780176 0.052453 0.067377
50 0.178047 0.314543 0.011375 0.050304
