65 0.401844 0.387886 0.335875 0.686098
65 0.731148 0.795619 0.537703 0.387033
62 0.160711 0.651297 0.142109 0.371379
62 0.439891 0.585981 0.072344 0.153785
62 0.759437 0.637243 0.149656 0.232290
44 0.685148 0.551016 0.022234 0.085023
47 0.599992 0.536379 0.026172 0.027196
47 0.590617 0.586589 0.017359 0.017804
62 0.567984 0.682640 0.110156 0.193785
84 0.683336 0.591589 0.040359 0.027804
84 0.684406 0.612255 0.048500 0.038294
86 0.643305 0.465035 0.018828 0.049790
1 0.055914 0.528937 0.084141 0.462266
62 0.459594 0.706671 0.093781 0.102126
