44 0.512430 0.493991 0.024266 0.110986
62 0.882172 0.707864 0.235656 0.435962
62 0.758516 0.507160 0.030562 0.103474
67 0.580555 0.507735 0.379078 0.132277
67 0.586344 0.756185 0.400875 0.393263
1 0.260266 0.358427 0.209406 0.334836
1 0.155562 0.423592 0.311125 0.604507
1 0.702305 0.380223 0.145641 0.354437
1 0.572891 0.373040 0.122656 0.256174
46 0.415539 0.446408 0.035516 0.134131
46 0.536805 0.473462 0.035703 0.134061
46 0.488148 0.460857 0.031734 0.101150
49 0.611500 0.547582 0.062531 0.014789
51 0.629563 0.521338 0.065812 0.019953
1 0.884977 0.434660 0.230047 0.582324
62 0.208328 0.737664 0.416656 0.498709
