19 0.237789 0.615028 0.347641 0.407722
19 0.093547 0.593403 0.087469 0.164139
19 0.292719 0.456014 0.042250 0.070806
3 0.467125 0.570736 0.166437 0.149028
3 0.699477 0.564056 0.188109 0.182556
1 0.279352 0.475236 0.115297 0.331083
1 0.201742 0.430264 0.069078 0.157917
1 0.642367 0.624931 0.034734 0.100972
1 0.703711 0.619653 0.091328 0.103694
1 0.790203 0.625236 0.041375 0.098750
3 0.860273 0.579694 0.170203 0.151667
1 0.976492 0.599819 0.046828 0.134861
1 0.835828 0.625083 0.047344 0.086222
1 0.367609 0.635778 0.028875 0.090500
1 0.400492 0.634444 0.050234 0.086111
1 0.550109 0.626639 0.046500 0.098556
1 0.548594 0.648083 0.022469 0.053889
3 0.025680 0.510208 0.051359 0.078417
