72 0.709211 0.637479 0.067328 0.124917
63 0.313430 0.705177 0.206609 0.193687
1 0.385094 0.675865 0.251875 0.145229
75 0.407484 0.702469 0.011062 0.004771
84 0.737508 0.756823 0.020734 0.074938
84 0.737266 0.814385 0.004906 0.029521
84 0.692570 0.916365 0.090516 0.163271
31 0.179688 0.393885 0.029250 0.053479
62 0.316352 0.583542 0.042484 0.024333
62 0.514062 0.926813 0.205000 0.146375
16 0.163367 0.838885 0.077109 0.301604
62 0.313133 0.709344 0.204203 0.195438
75 0.451172 0.693167 0.016219 0.004333
