4 0.501742 0.749688 0.170891 0.415721
4 0.362812 0.715264 0.199219 0.411635
4 0.217117 0.694075 0.219922 0.294687
4 0.109664 0.650036 0.145109 0.259976
4 0.076320 0.612584 0.152641 0.207572
1 0.396172 0.528149 0.032375 0.144904
1 0.308117 0.528101 0.044047 0.171010
3 0.385227 0.488281 0.105453 0.086514
8 0.208375 0.413377 0.055844 0.039014
8 0.104703 0.418293 0.039844 0.033654
15 0.713219 0.530877 0.074281 0.068582
15 0.502414 0.514916 0.061453 0.063389
64 0.944891 0.572139 0.038562 0.065962
64 0.784648 0.543606 0.022391 0.069375
8 0.413125 0.446779 0.050906 0.075337
