63 0.843672 0.678135 0.312656 0.643729
62 0.602234 0.382333 0.149906 0.263792
62 0.388453 0.447313 0.195062 0.347542
84 0.860609 0.191615 0.006594 0.027813
84 0.863312 0.230771 0.004250 0.026417
84 0.835156 0.268156 0.021313 0.026104
84 0.035313 0.555490 0.036687 0.085104
84 0.844555 0.343094 0.009734 0.026479
84 0.026828 0.367573 0.015656 0.070688
84 0.210156 0.422510 0.045594 0.091938
84 0.079867 0.545500 0.024203 0.060667
84 0.032391 0.464740 0.017594 0.069437
84 0.682969 0.480042 0.076125 0.040292
86 0.754203 0.224865 0.015938 0.052729
84 0.087500 0.456594 0.011312 0.052562
62 0.234383 0.581917 0.331141 0.500042
67 0.600977 0.624677 0.309734 0.324687
84 0.062336 0.366365 0.124672 0.092896
84 0.023945 0.370698 0.014453 0.073229
