64 0.652102 0.740482 0.033391 0.104353
64 0.424367 0.761329 0.031078 0.065718
64 0.454937 0.740612 0.038375 0.057035
64 0.131602 0.766141 0.036859 0.069976
64 0.071336 0.763553 0.035391 0.078729
64 0.220609 0.778153 0.055344 0.103600
64 0.802430 0.755835 0.022984 0.056376
64 0.533891 0.751129 0.036375 0.077271
67 0.382578 0.778247 0.056563 0.033576
2 0.428781 0.844247 0.167281 0.162141
2 0.652117 0.834271 0.178516 0.167835
2 0.903016 0.841000 0.178219 0.162847
13 0.308742 0.533012 0.039391 0.129882
64 0.910438 0.745871 0.027687 0.088776
64 0.849406 0.741541 0.019250 0.043459
