37 0.353953 0.898700 0.016500 0.024707
37 0.436570 0.588126 0.014672 0.020796
1 0.466516 0.632436 0.206813 0.612225
1 0.363516 0.615293 0.121500 0.553302
1 0.776117 0.409297 0.036297 0.156440
1 0.740437 0.494555 0.037687 0.062319
1 0.668344 0.491066 0.038750 0.062131
1 0.917422 0.485457 0.031719 0.057939
1 0.952727 0.480059 0.038484 0.071733
43 0.430047 0.690199 0.127906 0.161101
1 0.631250 0.484649 0.043750 0.062365
1 0.733969 0.390269 0.018125 0.031124
1 0.523953 0.479438 0.029531 0.050258
43 0.348578 0.676815 0.008125 0.060890
1 0.704555 0.488419 0.039016 0.070047
1 0.291312 0.442190 0.040438 0.101241
1 0.984711 0.498033 0.030578 0.058735
