62 0.553594 0.892906 0.055406 0.054479
62 0.457609 0.866615 0.079469 0.049104
1 0.024148 0.679937 0.018797 0.076792
62 0.305820 0.817979 0.087109 0.047833
62 0.158891 0.781219 0.084625 0.041729
62 0.408406 0.853083 0.093031 0.050750
9 0.706086 0.707510 0.122891 0.141771
9 0.516578 0.722469 0.123031 0.056187
9 0.676719 0.617938 0.065656 0.042917
9 0.326344 0.693448 0.115719 0.047313
9 0.657477 0.566698 0.069703 0.028396
28 0.584430 0.767750 0.012672 0.099458
28 0.268102 0.713229 0.011203 0.073333
28 0.159008 0.734542 0.079766 0.072458
28 0.420508 0.787344 0.009453 0.166812
9 0.792594 0.712344 0.081469 0.091354
9 0.750312 0.536073 0.031031 0.009646
9 0.904937 0.549125 0.032125 0.044833
9 0.614547 0.554865 0.068000 0.034229
9 0.561516 0.544229 0.068062 0.028542
9 0.871289 0.549438 0.031953 0.037500
9 0.289297 0.688833 0.094063 0.034792
62 0.625273 0.900271 0.075672 0.056917
62 0.157945 0.761354 0.077734 0.032000
62 0.968406 0.969833 0.062969 0.060333
9 0.505398 0.545906 0.054609 0.021896
62 0.263328 0.806010 0.086406 0.041979
