64 0.107523 0.480052 0.121797 0.166062
72 0.942133 0.476406 0.111234 0.121354
72 0.715938 0.502104 0.146875 0.193250
44 0.500094 0.436854 0.010906 0.059750
63 0.165320 0.719594 0.298391 0.354854
74 0.983352 0.585062 0.023047 0.018333
74 0.877602 0.525771 0.034484 0.025542
84 0.785812 0.144771 0.068844 0.013667
84 0.748172 0.622521 0.051125 0.020083
76 0.891578 0.569542 0.106594 0.032167
86 0.146859 0.543385 0.021563 0.029521
44 0.566211 0.440458 0.020641 0.042708
84 0.789031 0.136281 0.065906 0.010896
