62 0.808117 0.515808 0.148016 0.297658
62 0.124828 0.360211 0.132000 0.268806
62 0.621125 0.271230 0.075844 0.078525
62 0.782719 0.258806 0.083750 0.032459
62 0.222531 0.255141 0.117125 0.329391
62 0.289609 0.358021 0.070062 0.243208
62 0.326844 0.324286 0.038937 0.220984
67 0.704602 0.350761 0.330484 0.063068
67 0.479586 0.252939 0.877547 0.058806
67 0.143305 0.596124 0.277203 0.225363
67 0.503156 0.771276 0.993688 0.427892
46 0.777070 0.336159 0.026578 0.078829
46 0.603617 0.294672 0.020766 0.064333
46 0.666164 0.338115 0.027703 0.076792
61 0.560680 0.690398 0.263109 0.260422
61 0.297773 0.600890 0.141797 0.158829
61 0.088008 0.548876 0.133078 0.130960
61 0.184828 0.853607 0.198344 0.202717
61 0.652789 0.501042 0.135391 0.137494
61 0.859859 0.685363 0.176094 0.173583
61 0.791156 0.899766 0.163781 0.186932
86 0.688227 0.175796 0.018672 0.049906
47 0.546984 0.323911 0.014469 0.035269
47 0.661891 0.355246 0.031156 0.050960
61 0.457563 0.248864 0.139750 0.144145
64 0.117305 0.085211 0.070734 0.083068
64 0.710344 0.144415 0.118125 0.180960
62 0.786828 0.296148 0.088844 0.045082
62 0.561727 0.446241 0.051297 0.185410
62 0.913734 0.272939 0.060219 0.066393
62 0.602719 0.289988 0.090281 0.049485
62 0.573594 0.234309 0.047313 0.070913
46 0.837414 0.328302 0.025953 0.077026
46 0.794359 0.314789 0.023906 0.082881
46 0.816180 0.327623 0.021453 0.056838
46 0.561789 0.324251 0.025141 0.079789
46 0.587008 0.302810 0.018609 0.041265
46 0.797734 0.223466 0.017281 0.038314
46 0.610336 0.214122 0.015109 0.024450
46 0.868422 0.340176 0.028094 0.048454
47 0.730484 0.247951 0.020344 0.044052
47 0.167570 0.218091 0.009891 0.025035
62 0.544461 0.249426 0.041297 0.072857
47 0.075133 0.230445 0.017359 0.041780
47 0.771555 0.196956 0.009297 0.013443
61 0.447336 0.453595 0.210109 0.329063
67 0.328914 0.252506 0.063984 0.106932
