32 0.443687 0.371484 0.015469 0.106612
32 0.133883 0.284883 0.005109 0.016028
3 0.819703 0.336904 0.172094 0.128668
3 0.383234 0.261308 0.030094 0.043645
3 0.471289 0.286764 0.027828 0.038855
1 0.402086 0.584568 0.195859 0.823107
1 0.288742 0.447652 0.152609 0.599556
1 0.249328 0.286145 0.063813 0.203738
1 0.136758 0.475280 0.144266 0.653925
1 0.661906 0.300619 0.045281 0.134463
31 0.350484 0.485175 0.142281 0.414416
33 0.484594 0.678458 0.022281 0.109813
3 0.931742 0.364042 0.132234 0.175280
1 0.184375 0.247290 0.019688 0.059673
3 0.403633 0.262827 0.037203 0.043925
3 0.373563 0.254685 0.040594 0.045444
3 0.250688 0.236028 0.019938 0.025561
3 0.237125 0.238867 0.021219 0.029790
10 0.559719 0.166320 0.013344 0.039603
10 0.641984 0.167675 0.012812 0.040023
10 0.784898 0.044533 0.018953 0.062150
10 0.394867 0.052512 0.011016 0.057593
31 0.224555 0.446986 0.043141 0.131916
10 0.143820 0.068715 0.026391 0.063785
10 0.246133 0.196776 0.007578 0.023785
1 0.046516 0.517068 0.093031 0.834650
