82 0.122992 0.391718 0.214234 0.389251
1 0.866227 0.418601 0.243828 0.516806
1 0.533781 0.397059 0.221875 0.431300
1 0.129000 0.367368 0.193750 0.428965
49 0.082234 0.765870 0.060937 0.044736
50 0.660836 0.520407 0.069266 0.100419
51 0.770273 0.715198 0.173016 0.105947
51 0.765445 0.568800 0.157297 0.045749
60 0.302672 0.632467 0.040469 0.034493
60 0.339359 0.638767 0.037500 0.036123
60 0.378648 0.641553 0.040078 0.031872
60 0.489344 0.652841 0.041594 0.039692
60 0.264992 0.633447 0.032578 0.032137
60 0.403727 0.599174 0.040703 0.031035
47 0.660453 0.715275 0.057563 0.084339
47 0.623711 0.702577 0.052766 0.106079
60 0.430320 0.645958 0.042766 0.034736
60 0.366820 0.595771 0.034047 0.031366
60 0.451727 0.633051 0.038078 0.033678
60 0.285383 0.613800 0.025203 0.016938
51 0.713758 0.482786 0.025953 0.047775
60 0.324531 0.615562 0.031781 0.022137
60 0.499789 0.634251 0.040141 0.034449
60 0.358961 0.624504 0.039703 0.036101
