44 0.516734 0.672344 0.014750 0.052396
44 0.544008 0.713021 0.054578 0.122417
44 0.475836 0.897917 0.014828 0.041375
62 0.057219 0.840313 0.114437 0.319375
1 0.405477 0.632615 0.340297 0.711063
1 0.451570 0.665156 0.167422 0.669687
47 0.566469 0.914146 0.034000 0.042583
49 0.548016 0.604938 0.088438 0.046708
61 0.632867 0.767417 0.261234 0.330333
67 0.813695 0.894740 0.372609 0.210521
47 0.654016 0.910729 0.034875 0.038958
47 0.705195 0.911687 0.027266 0.036375
47 0.754492 0.898385 0.022484 0.040854
47 0.604617 0.913396 0.033859 0.033375
47 0.522945 0.915906 0.052297 0.060813
