62 0.260850 0.347147 0.031860 0.020000
1 0.112330 0.281760 0.082700 0.281760
1 0.252750 0.299613 0.046660 0.122107
1 0.945140 0.279520 0.054440 0.062080
1 0.476070 0.188640 0.020180 0.066027
1 0.505320 0.191853 0.029520 0.055120
43 0.730620 0.667040 0.190440 0.188747
37 0.505490 0.576707 0.023900 0.036933
37 0.417170 0.423760 0.008260 0.012000
43 0.131150 0.222267 0.059420 0.051253
1 0.868820 0.557293 0.254480 0.759547
1 0.441300 0.176227 0.023480 0.048613
1 0.536770 0.207667 0.027060 0.089787
1 0.273490 0.168893 0.036020 0.048027
1 0.301180 0.173413 0.031160 0.043253
1 0.561700 0.185800 0.019240 0.035707
1 0.613760 0.194053 0.035720 0.050827
28 0.938220 0.095933 0.116880 0.062747
1 0.230900 0.161920 0.018960 0.025493
