1 0.414359 0.518091 0.078000 0.154824
1 0.514961 0.422623 0.045859 0.098689
1 0.644805 0.523103 0.029016 0.101850
1 0.690578 0.653431 0.032031 0.084239
1 0.248203 0.681159 0.079656 0.160679
1 0.165672 0.647717 0.011781 0.022600
35 0.255195 0.750375 0.128859 0.070164
1 0.157875 0.646780 0.010812 0.021241
1 0.586555 0.423712 0.038922 0.118759
35 0.527359 0.466148 0.059062 0.056464
35 0.444508 0.587834 0.053953 0.072295
35 0.423852 0.588044 0.062172 0.068173
35 0.578555 0.478443 0.065484 0.050609
35 0.676625 0.691511 0.030406 0.014356
35 0.637953 0.566569 0.037937 0.009485
