3 0.170086 0.562950 0.216609 0.153054
3 0.786547 0.501151 0.093375 0.095732
3 0.646820 0.500900 0.088047 0.089791
3 0.308437 0.539665 0.232531 0.165607
10 0.530109 0.161412 0.032031 0.070314
1 0.108391 0.684812 0.210000 0.607699
1 0.283438 0.587845 0.089156 0.211715
1 0.440977 0.572605 0.095328 0.255962
1 0.562211 0.510366 0.031234 0.109854
1 0.574305 0.496349 0.022047 0.095544
1 0.603977 0.495220 0.023109 0.086339
1 0.695008 0.503096 0.028484 0.101046
41 0.297969 0.683651 0.083031 0.042699
41 0.463711 0.686757 0.071016 0.041757
41 0.495570 0.602845 0.029828 0.022510
1 0.952500 0.655879 0.095000 0.688243
1 0.739109 0.480649 0.021406 0.069874
8 0.521930 0.482699 0.102172 0.128410
10 0.796188 0.427343 0.007344 0.009833
10 0.909602 0.366360 0.026297 0.028661
10 0.802992 0.423902 0.007109 0.011318
27 0.494031 0.479665 0.022844 0.034268
41 0.639125 0.581851 0.024406 0.021778
41 0.529961 0.582270 0.019953 0.011778
41 0.694461 0.546736 0.027703 0.009456
47 0.901594 0.688232 0.043125 0.084540
1 0.490414 0.522082 0.044672 0.152866
1 0.524031 0.515607 0.031250 0.134017
3 0.398344 0.523787 0.089406 0.098201
3 0.719750 0.484780 0.034406 0.043326
27 0.485234 0.525785 0.023344 0.062950
27 0.452187 0.509738 0.044594 0.059017
1 0.641531 0.518849 0.034187 0.119582
10 0.555688 0.154592 0.022312 0.069351
3 0.829375 0.482877 0.022656 0.056423
41 0.578414 0.558138 0.019297 0.013933
27 0.274891 0.515199 0.047938 0.054665
