39 0.129305 0.336024 0.127547 0.038918
40 0.507711 0.542329 0.059734 0.058212
1 0.281922 0.483400 0.207844 0.462800
1 0.619461 0.569459 0.286141 0.300518
1 0.791938 0.521518 0.164344 0.386376
1 0.794133 0.336541 0.051703 0.123671
1 0.514563 0.342118 0.081875 0.076518
1 0.692422 0.040459 0.023875 0.067412
1 0.176070 0.283612 0.044266 0.114753
1 0.424867 0.305565 0.078953 0.131082
62 0.858039 0.044541 0.085703 0.063106
62 0.635875 0.037435 0.100687 0.064565
62 0.507930 0.054388 0.062234 0.024212
1 0.384047 0.032565 0.202625 0.065129
1 0.889484 0.323306 0.069500 0.151600
1 0.275320 0.280847 0.042734 0.090024
1 0.204547 0.028659 0.051125 0.057318
62 0.581063 0.024859 0.057875 0.041247
62 0.468875 0.022306 0.048875 0.039765
62 0.523273 0.027188 0.060922 0.046235
62 0.927930 0.044141 0.071359 0.063953
1 0.781195 0.302647 0.055859 0.093624
62 0.981469 0.030400 0.037062 0.049318
