18 0.733865 0.813406 0.225812 0.215719
64 0.294958 0.107789 0.361167 0.171547
62 0.442542 0.516367 0.222708 0.359734
62 0.127604 0.523586 0.250583 0.280797
67 0.281458 0.383773 0.124250 0.015797
1 0.459354 0.251898 0.173000 0.181203
1 0.266646 0.262219 0.205625 0.208188
1 0.187271 0.423594 0.374542 0.492125
1 0.161677 0.286438 0.139521 0.154125
46 0.374594 0.338258 0.054562 0.035891
1 0.939729 0.306859 0.120542 0.508938
1 0.374125 0.234102 0.074083 0.097234
1 0.535906 0.205734 0.037646 0.082719
