44 0.625385 0.432930 0.035271 0.076797
82 0.243104 0.512516 0.444458 0.711406
44 0.763115 0.439867 0.030604 0.062516
1 0.602906 0.689016 0.249438 0.268937
49 0.706260 0.390703 0.016479 0.077125
49 0.721979 0.387711 0.016583 0.078953
81 0.547219 0.477688 0.184479 0.007594
87 0.753969 0.384734 0.027354 0.047750
49 0.695438 0.388352 0.010625 0.040141
51 0.925948 0.467977 0.064437 0.038922
78 0.906740 0.292938 0.186521 0.102125
44 0.558396 0.460250 0.014083 0.028625
79 0.895427 0.439500 0.209146 0.081344
