3 0.811281 0.820409 0.182125 0.106472
10 0.077953 0.201238 0.049562 0.148224
10 0.553930 0.674907 0.016797 0.061308
1 0.088484 0.804568 0.012844 0.063855
1 0.010477 0.824124 0.020422 0.133154
1 0.054570 0.827161 0.034641 0.119182
1 0.625219 0.807114 0.017469 0.098995
1 0.600836 0.795117 0.017047 0.075794
1 0.590023 0.791250 0.013891 0.078949
1 0.043414 0.786285 0.020203 0.029860
1 0.642570 0.768213 0.015172 0.033762
1 0.677000 0.806682 0.018906 0.093178
1 0.641133 0.816647 0.015953 0.073294
10 0.029133 0.317103 0.034672 0.116869
10 0.007711 0.417220 0.008609 0.080561
15 0.915977 0.816472 0.011297 0.017477
28 0.425602 0.741881 0.106359 0.034790
1 0.333406 0.802033 0.021594 0.079626
1 0.109875 0.796145 0.013750 0.068692
10 0.033477 0.340678 0.016203 0.013879
28 0.337070 0.745561 0.037141 0.019159
1 0.718688 0.791098 0.019250 0.081308
10 0.326133 0.538119 0.022328 0.070210
10 0.441078 0.563341 0.018719 0.066916
