16 0.585417 0.474575 0.175866 0.054739
16 0.458619 0.527410 0.068480 0.058873
62 0.866381 0.724142 0.202598 0.515082
62 0.147410 0.795842 0.248284 0.349951
67 0.508407 0.698047 0.416193 0.322337
16 0.412337 0.476307 0.088987 0.057059
51 0.340368 0.528276 0.117827 0.063121
51 0.589461 0.521520 0.119314 0.063366
16 0.944518 0.465033 0.036683 0.047549
16 0.294837 0.497059 0.055948 0.030588
16 0.565768 0.268489 0.014804 0.027631
16 0.299158 0.270351 0.029984 0.037402
16 0.834902 0.256961 0.035261 0.025654
64 0.429093 0.174158 0.298480 0.236291
