84 0.591672 0.632735 0.802187 0.503404
84 0.496648 0.345962 0.435359 0.139812
84 0.781008 0.181784 0.289078 0.051972
84 0.470555 0.286573 0.372266 0.129765
84 0.139430 0.309120 0.278859 0.155141
84 0.159297 0.520223 0.312625 0.280915
84 0.784687 0.204460 0.286500 0.049108
84 0.783789 0.235962 0.302141 0.067418
65 0.500750 0.574155 0.998500 0.820235
84 0.517148 0.147359 0.168328 0.087441
84 0.325336 0.365164 0.216891 0.087653
84 0.786039 0.266444 0.282703 0.065188
84 0.831016 0.385716 0.294187 0.108380
84 0.149969 0.582066 0.211500 0.115634
