36 0.215031 0.948208 0.138500 0.076167
1 0.200563 0.786115 0.112250 0.332562
1 0.802047 0.687281 0.092281 0.204104
1 0.852414 0.663344 0.047359 0.222229
1 0.359594 0.619740 0.065344 0.165854
1 0.517172 0.635802 0.057375 0.163812
1 0.480727 0.577229 0.052422 0.075792
1 0.974586 0.592375 0.017359 0.080042
1 0.273695 0.610927 0.054703 0.158104
1 0.240859 0.613208 0.037312 0.154750
1 0.211852 0.598781 0.036578 0.150854
1 0.378305 0.609594 0.034234 0.135271
1 0.178484 0.593313 0.028406 0.086958
35 0.430695 0.710729 0.232859 0.029208
35 0.365984 0.683219 0.080625 0.008396
36 0.907977 0.765115 0.066953 0.012187
35 0.803055 0.790177 0.162578 0.040104
