16 0.511992 0.235023 0.018609 0.015446
16 0.479203 0.222124 0.008250 0.019601
16 0.460422 0.270446 0.018781 0.023521
16 0.892484 0.081303 0.015219 0.015751
16 0.827594 0.265293 0.021344 0.011667
16 0.690680 0.158063 0.024328 0.015047
16 0.657320 0.148721 0.015609 0.014202
16 0.629992 0.127887 0.014734 0.016009
16 0.891914 0.261315 0.025797 0.022160
16 0.529141 0.137723 0.017188 0.014131
25 0.455414 0.605634 0.333328 0.437746
25 0.688813 0.622477 0.079281 0.462934
25 0.195414 0.577864 0.217953 0.397465
25 0.761992 0.142441 0.053078 0.280469
25 0.614852 0.445352 0.265266 0.512160
25 0.077773 0.109742 0.149578 0.211221
16 0.915047 0.091268 0.013938 0.011690
16 0.924484 0.070458 0.015406 0.014577
16 0.781391 0.259859 0.003687 0.011315
