19 0.656203 0.754906 0.129656 0.323427
1 0.664414 0.625587 0.104172 0.295399
1 0.713180 0.626467 0.017797 0.109178
1 0.371125 0.621854 0.031156 0.087089
1 0.511500 0.615434 0.043188 0.143169
1 0.481086 0.625000 0.022203 0.048732
1 0.458305 0.617007 0.029078 0.119319
1 0.588453 0.621725 0.032531 0.126174
1 0.886891 0.643263 0.021594 0.033146
1 0.546336 0.625211 0.022484 0.050892
1 0.730031 0.557512 0.014469 0.033662
1 0.947414 0.618944 0.027766 0.092394
1 0.803727 0.565833 0.003766 0.018850
1 0.445266 0.573826 0.009469 0.023615
