18 0.054850 0.569960 0.053940 0.044027
18 0.519230 0.577813 0.087540 0.051253
20 0.376620 0.509267 0.098120 0.085040
20 0.630110 0.515133 0.085100 0.086800
1 0.175000 0.424013 0.013680 0.017573
1 0.200740 0.368760 0.014160 0.032933
1 0.273650 0.399667 0.016780 0.036080
1 0.703930 0.438907 0.016780 0.033760
20 0.606140 0.506560 0.097320 0.080160
1 0.623570 0.422413 0.015340 0.025947
1 0.850410 0.450640 0.017220 0.022987
1 0.611400 0.446293 0.014480 0.038347
1 0.598690 0.417960 0.020140 0.031867
1 0.599990 0.444373 0.012620 0.028213
15 0.538830 0.514480 0.055540 0.061600
1 0.340330 0.427947 0.013740 0.035467
62 0.447740 0.408027 0.012520 0.013067
1 0.023990 0.361720 0.020820 0.031067
1 0.244520 0.421440 0.017760 0.021173
1 0.581050 0.415253 0.020620 0.031893
