47 0.285156 0.250437 0.281344 0.310708
47 0.590688 0.111802 0.198437 0.223604
50 0.514938 0.285708 0.192938 0.078250
51 0.763484 0.423594 0.252812 0.249438
31 0.052344 0.231313 0.104688 0.273333
51 0.384266 0.703375 0.596625 0.561792
67 0.500000 0.500104 1.000000 0.999792
47 0.419281 0.025927 0.084062 0.049188
60 0.575852 0.710812 0.135484 0.201125
60 0.451766 0.810708 0.144406 0.180958
60 0.265797 0.818719 0.183375 0.211313
60 0.352508 0.779156 0.116922 0.181479
60 0.344445 0.628812 0.144891 0.152917
60 0.464148 0.661750 0.141484 0.165375
