62 0.711070 0.493662 0.311820 0.453625
1 0.410740 0.493500 0.499320 0.928400
1 0.609300 0.249025 0.229440 0.488200
1 0.148220 0.457450 0.296440 0.557550
1 0.941410 0.390138 0.117180 0.664675
39 0.250510 0.333813 0.409220 0.148175
3 0.252940 0.154200 0.243720 0.252150
27 0.552810 0.571562 0.080580 0.195225
1 0.149610 0.167337 0.299220 0.321675
37 0.906910 0.253225 0.051180 0.053450
62 0.313760 0.593075 0.033240 0.241550
1 0.327430 0.324450 0.111140 0.314050
1 0.820890 0.411887 0.179620 0.255875
3 0.226620 0.081500 0.307120 0.163000
3 0.188970 0.230975 0.231940 0.198050
