28 0.307312 0.463604 0.032406 0.015917
28 0.453844 0.407260 0.198937 0.089396
1 0.778937 0.648979 0.093031 0.373667
1 0.126367 0.634781 0.076953 0.243979
1 0.046172 0.632510 0.092344 0.276604
1 0.211719 0.506563 0.014188 0.060708
1 0.306937 0.545906 0.043188 0.057187
1 0.192102 0.541510 0.026484 0.039896
1 0.315344 0.479042 0.010937 0.033792
27 0.815422 0.632281 0.036937 0.103521
28 0.210828 0.453948 0.045250 0.035271
28 0.239500 0.468958 0.010875 0.037583
42 0.542273 0.458854 0.036766 0.476042
42 0.634016 0.448219 0.036000 0.476146
42 0.680539 0.451635 0.024703 0.455521
42 0.766984 0.441344 0.032219 0.439563
42 0.814008 0.399469 0.029109 0.355479
42 0.830961 0.420854 0.035984 0.487833
42 0.443383 0.453021 0.029203 0.468750
42 0.559953 0.455167 0.035344 0.474250
42 0.908367 0.424323 0.030266 0.412938
42 0.476016 0.469406 0.048500 0.472937
42 0.483078 0.454021 0.036875 0.460875
42 0.580117 0.456875 0.024578 0.466000
47 0.734500 0.557833 0.013719 0.025125
47 0.749484 0.543333 0.014906 0.025875
1 0.294109 0.517760 0.031594 0.015521
1 0.233992 0.498854 0.014922 0.076708
1 0.305062 0.481677 0.010375 0.027438
1 0.335711 0.464188 0.005891 0.025833
1 0.138844 0.501896 0.010094 0.024292
1 0.180164 0.485063 0.012328 0.042708
42 0.607969 0.453208 0.038812 0.467792
