1 0.609781 0.662854 0.137781 0.418788
1 0.909859 0.697588 0.093031 0.516894
1 0.429273 0.454242 0.074984 0.167677
1 0.339570 0.430795 0.039984 0.095227
1 0.732414 0.427487 0.035766 0.120429
1 0.245930 0.395732 0.013922 0.069596
1 0.066047 0.427399 0.037531 0.105606
1 0.883867 0.774394 0.152297 0.353131
39 0.716094 0.723763 0.093500 0.130657
1 0.306383 0.412639 0.022391 0.053510
1 0.143766 0.399053 0.015719 0.062702
1 0.944508 0.428977 0.017391 0.061237
37 0.708281 0.701982 0.012344 0.018813
40 0.408125 0.443245 0.009656 0.014116
40 0.740789 0.401843 0.009328 0.020606
40 0.817805 0.864596 0.027922 0.067424
1 0.526727 0.410518 0.039141 0.121338
40 0.070187 0.434268 0.009344 0.010404
40 0.660781 0.654760 0.025312 0.032803
1 0.213414 0.398434 0.012391 0.069646
