62 0.919101 0.576405 0.157288 0.312353
1 0.438203 0.377533 0.876405 0.750556
1 0.281985 0.143211 0.137304 0.286422
1 0.200629 0.129739 0.077271 0.098791
1 0.141732 0.104150 0.071111 0.055490
50 0.914747 0.847426 0.131846 0.145866
50 0.374134 0.396062 0.217353 0.056340
1 0.033791 0.118186 0.065817 0.079935
47 0.863399 0.273039 0.050261 0.068725
51 0.515891 0.877843 0.417696 0.244314
67 0.099510 0.206176 0.035392 0.025556
67 0.156405 0.172459 0.038007 0.019199
1 0.053260 0.111601 0.063938 0.056438
1 0.104567 0.101912 0.027696 0.031569
1 0.108987 0.168668 0.098464 0.172533
49 0.836364 0.871430 0.098709 0.231160
67 0.929436 0.337819 0.130539 0.092794
1 0.800515 0.231871 0.290147 0.334199
