2 0.881500 0.678266 0.184094 0.150375
33 0.542797 0.628383 0.594594 0.545047
1 0.169859 0.625313 0.109719 0.305406
1 0.092367 0.624414 0.084516 0.292078
1 0.032937 0.613641 0.056594 0.323937
1 0.221094 0.512055 0.055437 0.089609
1 0.239719 0.633781 0.059625 0.259156
1 0.966148 0.578695 0.067703 0.343922
1 0.397664 0.644023 0.066703 0.227328
47 0.322656 0.562906 0.023156 0.029063
1 0.487453 0.412281 0.774125 0.726531
1 0.337461 0.481773 0.027453 0.052859
1 0.328141 0.607977 0.132719 0.295141
1 0.877766 0.521836 0.126469 0.178547
