28 0.670922 0.436026 0.057125 0.035077
28 0.902211 0.433333 0.030203 0.019385
28 0.854961 0.432308 0.027422 0.024513
1 0.304688 0.601615 0.049344 0.254000
1 0.293891 0.471397 0.021500 0.073308
1 0.214797 0.485359 0.017844 0.092359
1 0.350516 0.384346 0.015313 0.060333
1 0.320813 0.454141 0.020750 0.051513
1 0.325797 0.407051 0.011125 0.033128
15 0.660641 0.567167 0.079969 0.087205
15 0.923320 0.509397 0.059641 0.040179
22 0.470383 0.542692 0.272516 0.352821
1 0.331484 0.524872 0.024906 0.143897
1 0.344070 0.500590 0.022016 0.131641
1 0.682078 0.516013 0.025250 0.127051
1 0.652875 0.518526 0.017688 0.030333
15 0.608594 0.477692 0.015063 0.032103
15 0.979148 0.565308 0.041703 0.060923
15 0.143578 0.574282 0.029219 0.091231
15 0.056891 0.456179 0.041719 0.034923
1 0.722688 0.560949 0.057531 0.259949
1 0.263336 0.407590 0.010297 0.048205
67 0.923000 0.509423 0.060156 0.035769
1 0.859703 0.455038 0.015469 0.058436
