3 0.112361 0.112729 0.198121 0.104085
3 0.327753 0.119559 0.168513 0.089869
3 0.635196 0.116626 0.097418 0.094755
62 0.299395 0.803848 0.252353 0.345278
1 0.405082 0.595629 0.411471 0.521781
1 0.320286 0.339461 0.200310 0.241928
1 0.512304 0.319011 0.277418 0.449657
1 0.813546 0.136160 0.063366 0.237516
1 0.895825 0.088832 0.048252 0.148415
1 0.960678 0.119534 0.078644 0.222467
1 0.391716 0.148064 0.099771 0.148676
1 0.773072 0.092966 0.040261 0.158709
33 0.701070 0.475188 0.100016 0.178121
1 0.368595 0.147222 0.048497 0.100980
3 0.604355 0.159502 0.046356 0.154559
3 0.084706 0.205163 0.164706 0.232941
