1 0.556336 0.449802 0.362328 0.694416
1 0.794055 0.291297 0.032766 0.046990
1 0.768609 0.325802 0.035469 0.052317
51 0.347750 0.821703 0.141875 0.092119
78 0.148609 0.722198 0.279531 0.219723
1 0.827617 0.284446 0.061203 0.063109
49 0.665500 0.861703 0.123406 0.034693
50 0.614797 0.854307 0.088500 0.023347
51 0.209883 0.572554 0.117734 0.100396
67 0.480727 0.863743 0.961453 0.243248
72 0.857992 0.300891 0.041516 0.045307
84 0.218492 0.285079 0.003203 0.015743
84 0.226594 0.283881 0.003188 0.016436
51 0.796578 0.842099 0.176656 0.103881
51 0.492469 0.861010 0.140813 0.089228
84 0.220844 0.304614 0.006188 0.019366
84 0.224859 0.324891 0.022406 0.022535
84 0.252719 0.275396 0.004125 0.015980
84 0.318156 0.274119 0.007312 0.011960
84 0.935562 0.299307 0.012438 0.022772
84 0.372922 0.287535 0.001656 0.013723
84 0.258070 0.282901 0.005828 0.030634
84 0.365906 0.288901 0.002187 0.015703
84 0.232891 0.282673 0.004000 0.015525
84 0.222055 0.284990 0.003609 0.015802
1 0.250797 0.324842 0.015094 0.023188
1 0.471250 0.315663 0.017219 0.027802
84 0.251250 0.297614 0.003625 0.057525
1 0.738844 0.320772 0.023125 0.039366
