3 0.379227 0.248644 0.049797 0.046627
3 0.367852 0.124399 0.041766 0.037005
3 0.343156 0.111250 0.030656 0.041132
3 0.311594 0.091085 0.039313 0.038726
3 0.237609 0.043408 0.037812 0.036627
3 0.473820 0.276392 0.040047 0.051179
3 0.429914 0.291545 0.039484 0.046392
3 0.499563 0.254210 0.039031 0.047948
3 0.213828 0.031392 0.033250 0.034245
3 0.425133 0.240189 0.047859 0.054009
3 0.337617 0.214198 0.042484 0.045991
3 0.707195 0.617866 0.068047 0.072571
10 0.130859 0.344917 0.032719 0.039505
10 0.349430 0.414693 0.017266 0.037453
10 0.580672 0.510825 0.012250 0.036981
10 0.804648 0.157818 0.014109 0.036722
10 0.036023 0.410330 0.014734 0.035802
10 0.742656 0.296769 0.022906 0.056792
10 0.059969 0.275165 0.010594 0.014387
10 0.570727 0.162488 0.008922 0.030495
10 0.187891 0.250755 0.009531 0.028443
10 0.177641 0.252583 0.011687 0.028844
10 0.255641 0.344976 0.015563 0.031462
10 0.815539 0.163691 0.007766 0.019552
2 0.484586 0.807099 0.031609 0.038632
3 0.743008 0.740035 0.060328 0.074882
10 0.840273 0.383019 0.006297 0.019340
14 0.534945 0.818090 0.016766 0.073160
