3 0.070602 0.323488 0.047109 0.044547
3 0.148945 0.310695 0.060859 0.039007
3 0.208445 0.292373 0.065641 0.028720
3 0.304766 0.269249 0.080187 0.035629
3 0.376375 0.245386 0.024625 0.014084
1 0.660094 0.401126 0.283125 0.757307
1 0.430391 0.229702 0.027469 0.098079
1 0.530969 0.197450 0.046594 0.119404
1 0.390844 0.227660 0.026500 0.036733
41 0.777883 0.711567 0.241516 0.189227
1 0.136391 0.296932 0.017281 0.041280
1 0.413227 0.227539 0.013391 0.047351
3 0.025734 0.345088 0.051469 0.045717
15 0.733273 0.197494 0.050203 0.035651
1 0.491016 0.212086 0.033531 0.104084
1 0.739977 0.166611 0.039172 0.102185
1 0.756367 0.166446 0.031234 0.080618
3 0.982953 0.132848 0.012438 0.022958
3 0.256937 0.268753 0.039594 0.035166
3 0.395969 0.244393 0.011406 0.014967
3 0.409352 0.237318 0.030547 0.019448
3 0.361891 0.253653 0.049250 0.022715
