52 0.526496 0.360422 0.444404 0.294563
52 0.593546 0.686805 0.408753 0.244203
52 0.432258 0.586516 0.840637 0.305625
53 0.891898 0.699570 0.216205 0.129297
53 0.883573 0.615766 0.121219 0.049781
53 0.906163 0.561633 0.138033 0.082828
53 0.970706 0.620609 0.058587 0.100250
53 0.954640 0.363805 0.090720 0.099609
53 0.955651 0.440781 0.084654 0.085187
53 0.953172 0.282547 0.093657 0.091406
53 0.981094 0.174687 0.037812 0.042531
53 0.984515 0.209984 0.030970 0.054031
52 0.815568 0.423266 0.114515 0.152875
52 0.819529 0.418438 0.222493 0.223188
53 0.958975 0.518961 0.082050 0.106672
53 0.933560 0.816687 0.128726 0.071281
53 0.990429 0.818937 0.018033 0.061031
53 0.938033 0.765789 0.123324 0.063234
