1 0.849289 0.341135 0.027047 0.047021
1 0.894930 0.340813 0.026609 0.036833
1 0.903461 0.357062 0.059891 0.089625
52 0.426406 0.175229 0.021438 0.075708
52 0.325508 0.126802 0.057172 0.070438
52 0.286398 0.134563 0.026078 0.070167
52 0.440273 0.119135 0.065828 0.094812
52 0.486531 0.163094 0.058688 0.067479
52 0.451602 0.177000 0.010578 0.028208
52 0.413719 0.182396 0.015344 0.075417
52 0.300492 0.206979 0.037297 0.070875
52 0.358094 0.165708 0.021500 0.058125
55 0.572539 0.338813 0.020141 0.022333
55 0.451289 0.281521 0.016422 0.019458
55 0.469758 0.296531 0.016328 0.022062
55 0.519164 0.326656 0.100828 0.061312
55 0.483555 0.289458 0.012578 0.017583
55 0.437336 0.297427 0.015422 0.021729
55 0.466547 0.281969 0.015031 0.014104
52 0.396516 0.109469 0.038094 0.100062
53 0.398031 0.395969 0.014375 0.026396
53 0.342602 0.342750 0.016766 0.020458
53 0.558961 0.412552 0.018922 0.026521
53 0.373250 0.343354 0.063281 0.051917
53 0.571445 0.394229 0.018047 0.031542
53 0.444953 0.432552 0.022969 0.028854
53 0.546867 0.402948 0.018422 0.026646
55 0.573578 0.290500 0.064938 0.045833
55 0.438695 0.280469 0.013891 0.016521
53 0.552141 0.441208 0.016969 0.023750
53 0.334930 0.394719 0.088359 0.062812
53 0.740578 0.603062 0.047063 0.072750
53 0.272398 0.476792 0.016328 0.014333
55 0.453844 0.304708 0.036625 0.035458
55 0.700336 0.461448 0.023297 0.028313
55 0.565578 0.313229 0.020844 0.024792
52 0.285070 0.198906 0.032016 0.064562
52 0.531680 0.202792 0.013516 0.047083
