3 0.280700 0.896486 0.039320 0.034955
3 0.295950 0.952508 0.048580 0.057447
3 0.590420 0.921922 0.036520 0.043243
3 0.553820 0.774760 0.017680 0.024715
3 0.535980 0.955105 0.042040 0.064505
3 0.330300 0.913183 0.039960 0.038078
3 0.343330 0.834039 0.033740 0.029099
3 0.380290 0.796817 0.021580 0.024324
3 0.405570 0.896051 0.028500 0.050420
3 0.534710 0.906967 0.034020 0.031892
6 0.669070 0.886201 0.058260 0.094985
10 0.880570 0.951351 0.035300 0.041081
10 0.664150 0.818889 0.021860 0.033153
10 0.392490 0.720180 0.023220 0.028408
3 0.602650 0.765075 0.017100 0.022583
3 0.224860 0.962838 0.048120 0.052462
10 0.257550 0.820826 0.016380 0.027958
10 0.438470 0.689009 0.006460 0.010030
10 0.430510 0.673003 0.007140 0.012192
3 0.594210 0.958453 0.039780 0.057147
