28 0.283547 0.197064 0.367781 0.229205
28 0.860609 0.370795 0.250031 0.301124
28 0.616008 0.247374 0.355922 0.177926
32 0.425687 0.490746 0.014000 0.043663
62 0.864867 0.806705 0.239891 0.109612
1 0.310234 0.638915 0.234469 0.355698
1 0.162187 0.503479 0.296312 0.597771
1 0.463625 0.541017 0.206469 0.443159
1 0.594750 0.625562 0.321781 0.421512
1 0.611992 0.336085 0.073547 0.175000
1 0.702406 0.535979 0.155906 0.552035
1 0.885516 0.673169 0.151594 0.178081
1 0.545242 0.395688 0.065141 0.115097
1 0.879492 0.576366 0.209609 0.401570
1 0.484711 0.404060 0.046922 0.068740
1 0.284078 0.538072 0.164875 0.296027
28 0.527367 0.377045 0.138922 0.152151
