77 0.623437 0.326083 0.012063 0.026222
77 0.807289 0.451583 0.004422 0.008278
31 0.375945 0.459667 0.094109 0.279944
31 0.619719 0.435639 0.072531 0.182111
31 0.982133 0.448083 0.035734 0.043667
33 0.331180 0.639319 0.068266 0.128083
1 0.397797 0.517042 0.141781 0.480361
1 0.609234 0.505097 0.091500 0.443028
1 0.978922 0.488847 0.042156 0.317250
1 0.890477 0.454542 0.030672 0.040639
1 0.853102 0.453819 0.037672 0.049583
1 0.684406 0.489403 0.049719 0.117139
1 0.667516 0.472500 0.031844 0.075778
1 0.570484 0.477042 0.024313 0.075028
1 0.480203 0.478056 0.015813 0.073667
1 0.200375 0.503278 0.065875 0.152000
1 0.225156 0.448792 0.017375 0.033139
33 0.952648 0.517958 0.041703 0.142472
1 0.817781 0.504500 0.049406 0.157667
33 0.500945 0.527083 0.022047 0.031444
33 0.250758 0.520903 0.029766 0.064194
1 0.182563 0.453375 0.027719 0.042972
62 0.086813 0.522764 0.069312 0.103083
62 0.054617 0.488264 0.050016 0.050583
62 0.264883 0.475611 0.014578 0.030611
77 0.982867 0.364264 0.003828 0.012361
