1 0.672730 0.692883 0.369660 0.573033
1 0.519210 0.641502 0.083300 0.160661
1 0.776200 0.677102 0.088120 0.118228
44 0.096830 0.491862 0.047220 0.275856
44 0.143100 0.517748 0.044520 0.194174
44 0.190570 0.524024 0.046500 0.191411
44 0.240760 0.489324 0.046920 0.255886
44 0.282740 0.522402 0.062840 0.207568
44 0.329270 0.498799 0.047740 0.232492
44 0.384040 0.521652 0.044720 0.165706
44 0.462020 0.566036 0.037800 0.079039
44 0.498250 0.538574 0.038860 0.083514
44 0.532620 0.511126 0.036920 0.131381
44 0.702430 0.531532 0.047700 0.156757
52 0.495380 0.275285 0.266400 0.550571
52 0.708970 0.193664 0.051460 0.195616
52 0.496850 0.829760 0.176420 0.210691
52 0.802050 0.376006 0.033620 0.114595
52 0.742330 0.240450 0.263420 0.476396
52 0.185170 0.223093 0.259820 0.446186
52 0.924000 0.235360 0.033000 0.105856
52 0.881010 0.290360 0.052340 0.174955
55 0.131850 0.772568 0.262660 0.454865
55 0.197080 0.774505 0.059400 0.085646
55 0.223450 0.829084 0.057340 0.081592
55 0.362110 0.847958 0.275900 0.304084
44 0.419220 0.516952 0.040240 0.180511
52 0.032870 0.140255 0.065740 0.275345
52 0.927890 0.119790 0.138740 0.239580
53 0.970350 0.560751 0.059300 0.096156
53 0.852030 0.706486 0.295940 0.555856
53 0.905470 0.874640 0.083140 0.112342
53 0.337440 0.731486 0.058040 0.086156
44 0.360260 0.539715 0.018000 0.134204
