5 0.785836 0.657213 0.428328 0.469393
1 0.511984 0.607321 0.037156 0.118590
1 0.703273 0.814187 0.063266 0.283774
1 0.248688 0.699729 0.074469 0.214729
1 0.626883 0.543015 0.028891 0.058221
1 0.372523 0.560163 0.025016 0.099458
1 0.343008 0.549675 0.023703 0.102603
1 0.243055 0.547701 0.022734 0.112191
1 0.398195 0.516106 0.014141 0.040716
1 0.595680 0.650564 0.035609 0.186508
1 0.685539 0.731985 0.050953 0.202191
5 0.216281 0.443818 0.083969 0.099436
1 0.158320 0.610868 0.048172 0.080390
1 0.444391 0.593406 0.030187 0.121909
