82 0.209734 0.614313 0.342281 0.744958
85 0.769477 0.272240 0.054922 0.074521
62 0.812219 0.590698 0.104250 0.253354
67 0.925117 0.627708 0.149766 0.236875
50 0.485023 0.625031 0.044172 0.057604
80 0.504406 0.557406 0.074375 0.085312
81 0.464438 0.677344 0.170844 0.057854
84 0.605023 0.461813 0.067234 0.112583
84 0.624437 0.404490 0.035406 0.017979
84 0.621875 0.363354 0.037156 0.070667
81 0.518813 0.639698 0.152875 0.050271
62 0.984594 0.774635 0.030812 0.200146
79 0.450211 0.883000 0.128047 0.234000
84 0.620570 0.303083 0.033797 0.020333
84 0.634391 0.247698 0.042219 0.015104
84 0.619219 0.537938 0.040375 0.011333
84 0.624398 0.289635 0.026828 0.015854
84 0.632242 0.233802 0.040766 0.017188
