51 0.480100 0.529367 0.681067 0.737667
53 0.382600 0.106978 0.214533 0.189200
53 0.596917 0.061789 0.195667 0.113800
53 0.757925 0.056556 0.134117 0.106356
53 0.705108 0.200778 0.191217 0.254978
53 0.499058 0.278878 0.172717 0.197400
1 0.413892 0.633333 0.824083 0.708622
81 0.501950 0.476189 0.996100 0.844156
51 0.748567 0.246822 0.166533 0.351467
53 0.336275 0.254656 0.130217 0.142422
53 0.222833 0.053989 0.072400 0.107978
53 0.629317 0.346200 0.095133 0.086800
47 0.480550 0.514811 0.650000 0.698778
