3 0.504842 0.793011 0.209683 0.122600
1 0.076242 0.773544 0.028350 0.076111
1 0.215850 0.787389 0.016667 0.080956
3 0.789517 0.786100 0.149667 0.071756
8 0.953842 0.830367 0.087817 0.125844
10 0.666533 0.488811 0.032433 0.125844
10 0.482017 0.328533 0.050567 0.123600
10 0.233633 0.663856 0.017567 0.061311
10 0.712083 0.471911 0.042133 0.148311
3 0.100125 0.729789 0.039350 0.045622
10 0.674808 0.631378 0.038550 0.059378
11 0.774517 0.974767 0.081900 0.050467
2 0.076358 0.811189 0.014183 0.019578
3 0.638392 0.794122 0.081517 0.072689
3 0.945433 0.771778 0.109133 0.078711
10 0.739217 0.634522 0.045733 0.051044
14 0.669142 0.765078 0.005950 0.019667
14 0.838533 0.756644 0.007933 0.016756
31 0.221925 0.776989 0.004983 0.010467
