1 0.201571 0.494807 0.212114 0.677511
1 0.329114 0.285408 0.134629 0.287639
1 0.500186 0.274828 0.125686 0.346052
1 0.578057 0.276631 0.110229 0.267940
1 0.713914 0.237554 0.108457 0.190043
1 0.285914 0.374721 0.104971 0.173648
1 0.416629 0.230472 0.076000 0.272790
1 0.642086 0.256545 0.055714 0.224764
1 0.811029 0.406245 0.325543 0.414721
1 0.773857 0.232940 0.060400 0.262017
1 0.816114 0.161223 0.039314 0.087339
1 0.881471 0.203004 0.073400 0.185579
1 0.951243 0.200601 0.069114 0.209957
31 0.399257 0.231266 0.057886 0.159185
31 0.418886 0.326760 0.069657 0.085622
61 0.609957 0.712361 0.780086 0.548326
