56 0.362702 0.368229 0.108638 0.134114
56 0.536106 0.273214 0.037745 0.062829
59 0.549723 0.461800 0.838383 0.923600
56 0.755926 0.460414 0.071128 0.091000
56 0.495340 0.439314 0.093702 0.110114
56 0.561936 0.212629 0.107787 0.095771
56 0.248511 0.722100 0.061915 0.114600
56 0.459319 0.594343 0.072043 0.082914
56 0.647149 0.177086 0.070936 0.067086
56 0.648043 0.501843 0.069234 0.118143
56 0.286085 0.490343 0.074979 0.099371
56 0.740500 0.386143 0.055213 0.067429
56 0.749064 0.099214 0.160979 0.194657
