1 0.575280 0.496630 0.820960 0.984260
60 0.495893 0.218370 0.133920 0.082860
60 0.343440 0.214890 0.147627 0.090540
60 0.130960 0.220660 0.160907 0.105200
60 0.044987 0.401840 0.089973 0.114480
60 0.146813 0.378790 0.177413 0.100420
60 0.033347 0.254260 0.063813 0.056280
31 0.863560 0.819390 0.265573 0.361220
60 0.298827 0.350980 0.069867 0.066520
60 0.043027 0.617920 0.086053 0.110600
60 0.180213 0.532030 0.162773 0.064300
60 0.401560 0.440540 0.210000 0.127800
60 0.528893 0.339890 0.144613 0.076580
47 0.208560 0.714120 0.358667 0.340800
