18 0.077922 0.872518 0.155844 0.241253
35 0.449289 0.962920 0.066828 0.060686
35 0.640516 0.955910 0.089312 0.054421
35 0.282195 0.951678 0.074266 0.056170
35 0.167828 0.948322 0.112875 0.071915
1 0.926797 0.658428 0.118813 0.611229
1 0.203023 0.645745 0.109672 0.565012
1 0.291391 0.653913 0.102438 0.554113
1 0.461469 0.683558 0.113125 0.518038
1 0.558453 0.660674 0.112875 0.588771
1 0.628336 0.661809 0.088922 0.549338
1 0.080617 0.656253 0.157078 0.599929
1 0.824109 0.662861 0.110719 0.570780
1 0.714266 0.661714 0.118813 0.550804
35 0.549133 0.970071 0.069766 0.059858
1 0.366375 0.665922 0.102813 0.538274
35 0.820742 0.934007 0.108203 0.110236
