52 0.238789 0.305156 0.215234 0.275771
52 0.884523 0.432844 0.230953 0.415687
84 0.471906 0.624719 0.279781 0.746063
84 0.739578 0.651260 0.297344 0.674229
84 0.544383 0.620229 0.262922 0.737083
84 0.663852 0.637396 0.283797 0.704958
84 0.238789 0.773542 0.477578 0.452917
84 0.611797 0.639323 0.259563 0.721354
84 0.606742 0.037979 0.115297 0.071083
84 0.907938 0.832198 0.177375 0.310812
52 0.699516 0.258333 0.170875 0.261125
52 0.563477 0.247844 0.326422 0.321229
52 0.770734 0.476760 0.127188 0.270021
52 0.137953 0.256479 0.275906 0.222792
52 0.232250 0.188906 0.370906 0.177646
52 0.119805 0.507792 0.235703 0.179208
52 0.059766 0.478802 0.115688 0.149104
52 0.705172 0.148719 0.154781 0.180146
52 0.284289 0.463885 0.105078 0.199813
52 0.795281 0.144833 0.336469 0.227333
84 0.088313 0.099354 0.175656 0.198708
