46 0.680875 0.792883 0.164333 0.253328
47 0.870031 0.394367 0.063354 0.088734
59 0.280781 0.805180 0.561563 0.364859
1 0.441948 0.400000 0.632229 0.539313
1 0.840760 0.261555 0.318479 0.287609
1 0.091385 0.444945 0.176771 0.355047
1 0.197385 0.248023 0.174396 0.222891
1 0.358187 0.118258 0.126250 0.037172
1 0.572844 0.219195 0.150437 0.194734
1 0.457156 0.172836 0.058729 0.057828
1 0.525813 0.162992 0.076083 0.119641
47 0.587042 0.326000 0.046500 0.027031
47 0.671917 0.326063 0.061208 0.065219
67 0.814604 0.423594 0.370792 0.191000
67 0.669656 0.821352 0.650187 0.334828
1 0.787604 0.637695 0.424792 0.171984
1 0.038625 0.207883 0.077250 0.134234
49 0.763573 0.430273 0.094313 0.015484
