56 0.780809 0.535833 0.070572 0.067974
56 0.572770 0.712680 0.854461 0.429575
56 0.221487 0.304894 0.096373 0.097010
56 0.078824 0.508693 0.143529 0.294118
56 0.123595 0.321912 0.143824 0.152810
56 0.921814 0.336495 0.149085 0.167304
56 0.303636 0.259706 0.111879 0.054575
57 0.408766 0.228260 0.164559 0.088415
57 0.311119 0.285719 0.064363 0.039314
57 0.243873 0.257631 0.043725 0.029510
57 0.145735 0.425147 0.065359 0.066013
57 0.726536 0.518301 0.121046 0.147124
57 0.360417 0.768268 0.128186 0.064085
57 0.200482 0.366806 0.025768 0.025049
57 0.128791 0.360090 0.036111 0.023775
