44 0.727703 0.781884 0.125188 0.100704
44 0.799789 0.826759 0.018422 0.065176
41 0.556195 0.861495 0.148141 0.250226
1 0.494992 0.563907 0.382047 0.795955
1 0.658297 0.607337 0.102625 0.458794
1 0.714203 0.602475 0.082719 0.431030
1 0.808641 0.574397 0.112125 0.390302
1 0.843883 0.761407 0.094734 0.257387
1 0.890750 0.496394 0.057031 0.135302
1 0.956820 0.627651 0.086359 0.407714
1 0.568266 0.360867 0.069969 0.125050
1 0.546234 0.319158 0.039344 0.102889
27 0.823664 0.487123 0.062516 0.103191
41 0.751602 0.804698 0.043172 0.077387
1 0.732281 0.549497 0.049500 0.272563
