1 0.784906 0.741833 0.008594 0.024583
1 0.777539 0.742708 0.007641 0.027417
1 0.415023 0.718365 0.004578 0.021271
1 0.559578 0.754385 0.010469 0.033313
1 0.483719 0.716479 0.005375 0.017042
1 0.502719 0.716781 0.012406 0.025646
9 0.926219 0.934948 0.077312 0.063354
9 0.214688 0.948885 0.103094 0.098687
9 0.415453 0.799271 0.116156 0.029042
9 0.303430 0.822365 0.068234 0.048896
9 0.906422 0.769104 0.067062 0.027042
9 0.889016 0.871885 0.067000 0.046229
9 0.219352 0.831865 0.111766 0.091271
9 0.862625 0.762583 0.070906 0.023500
9 0.990133 0.826615 0.019734 0.039479
28 0.612539 0.711240 0.062266 0.030229
28 0.565773 0.704229 0.053891 0.021208
28 0.489984 0.693417 0.029375 0.027250
28 0.438430 0.690292 0.019797 0.009708
28 0.433930 0.680438 0.047516 0.015583
28 0.417914 0.692052 0.022328 0.007437
28 0.388047 0.680406 0.045625 0.012479
28 0.391547 0.691708 0.023156 0.003583
1 0.375188 0.714510 0.007281 0.012437
1 0.950734 0.742000 0.007656 0.019000
1 0.448070 0.777854 0.009484 0.020583
1 0.384820 0.714167 0.007359 0.010250
9 0.529289 0.893500 0.103141 0.065500
9 0.592609 0.834104 0.079687 0.063042
9 0.739125 0.764323 0.147313 0.090062
28 0.305703 0.685000 0.056094 0.015125
28 0.529961 0.712490 0.042391 0.014687
28 0.250164 0.676625 0.042516 0.018333
28 0.267875 0.584792 0.030875 0.017375
1 0.545258 0.756635 0.014109 0.025771
28 0.345750 0.679240 0.053750 0.015104
1 0.436797 0.709021 0.006375 0.015125
1 0.444859 0.715010 0.005844 0.014687
9 0.986859 0.766250 0.026281 0.062458
