51 0.447505 0.726464 0.231769 0.260094
1 0.271844 0.142225 0.102346 0.284450
1 0.126508 0.080117 0.090931 0.158689
62 0.337058 0.294262 0.115903 0.177049
86 0.608836 0.506639 0.141024 0.437635
86 0.764777 0.561803 0.203706 0.687635
86 0.641248 0.326405 0.113482 0.382459
86 0.446723 0.733712 0.221564 0.271920
86 0.563426 0.252845 0.054227 0.317869
86 0.464022 0.381101 0.066406 0.322763
86 0.623911 0.838829 0.136760 0.312834
86 0.288724 0.421803 0.094804 0.410632
86 0.378659 0.582272 0.181490 0.197377
86 0.151071 0.312740 0.067840 0.208712
86 0.519981 0.440445 0.092924 0.395504
86 0.198743 0.509438 0.146201 0.354941
1 0.370074 0.094016 0.076946 0.188033
1 0.085866 0.098384 0.032328 0.111241
1 0.020093 0.103255 0.038212 0.173162
86 0.421480 0.260094 0.066425 0.478876
