65 0.747578 0.742155 0.504844 0.488806
84 0.196578 0.566042 0.087375 0.104871
84 0.244594 0.673525 0.071219 0.026956
84 0.190023 0.644098 0.006203 0.034801
84 0.221133 0.644754 0.012453 0.043232
84 0.234773 0.643653 0.011578 0.040422
1 0.324734 0.452600 0.013656 0.031803
84 0.172766 0.473899 0.045031 0.023489
84 0.225117 0.644649 0.009453 0.046674
84 0.193617 0.457763 0.014797 0.079133
84 0.261922 0.641276 0.010125 0.039602
84 0.174664 0.647342 0.037484 0.053934
84 0.277086 0.592623 0.080578 0.021265
84 0.184070 0.694614 0.047547 0.028244
84 0.169500 0.440796 0.010844 0.042482
88 0.362211 0.135129 0.116953 0.207026
