51 0.806740 0.203813 0.386520 0.386507
51 0.132850 0.418840 0.265700 0.837680
57 0.950350 0.689493 0.038820 0.068213
57 0.962570 0.626000 0.028620 0.047680
57 0.941040 0.611933 0.030520 0.033520
57 0.951870 0.484200 0.029900 0.031760
57 0.944660 0.569947 0.032440 0.039680
57 0.931470 0.552373 0.023980 0.027893
57 0.929500 0.477240 0.032920 0.054160
57 0.975990 0.466213 0.020060 0.036053
57 0.945420 0.435680 0.109160 0.089227
57 0.970070 0.638733 0.059860 0.298107
57 0.979900 0.600480 0.029840 0.044160
57 0.922270 0.520040 0.041500 0.036720
51 0.609380 0.493493 0.781240 0.958347
57 0.961420 0.557360 0.044680 0.041760
