37 0.653970 0.637859 0.023536 0.014906
37 0.507799 0.573406 0.014520 0.009094
37 0.527248 0.606727 0.018571 0.011859
1 0.355340 0.660672 0.333443 0.597750
1 0.610726 0.415555 0.072178 0.156922
43 0.169321 0.515875 0.285012 0.123031
43 0.568279 0.434273 0.022693 0.016109
37 0.227670 0.464891 0.009297 0.005344
37 0.756838 0.480664 0.032131 0.025984
37 0.484801 0.466047 0.008899 0.005094
37 0.502763 0.567859 0.017892 0.010125
37 0.468689 0.568414 0.016253 0.010234
37 0.791792 0.571125 0.016230 0.010125
37 0.627518 0.573625 0.016206 0.010812
37 0.565714 0.466711 0.008759 0.005453
37 0.455878 0.465570 0.009227 0.005797
37 0.501335 0.568055 0.016487 0.010641
