28 0.291261 0.422753 0.204844 0.225863
28 0.607857 0.486190 0.126875 0.182083
62 0.683426 0.858854 0.126406 0.249435
1 0.364040 0.668676 0.138214 0.622470
1 0.181172 0.641577 0.227522 0.397738
1 0.530201 0.625595 0.194643 0.490119
1 0.808839 0.681235 0.324821 0.610804
1 0.734196 0.503348 0.129152 0.341220
31 0.821429 0.870744 0.251696 0.217679
28 0.454219 0.519792 0.089955 0.124821
1 0.154944 0.516964 0.041853 0.058333
1 0.964040 0.760670 0.067411 0.447173
1 0.901875 0.510298 0.114152 0.295179
62 0.957478 0.884390 0.037321 0.231220
67 0.552098 0.632932 0.237723 0.147530
