77 0.634422 0.713750 0.070094 0.031708
67 0.445469 0.833542 0.890938 0.310958
1 0.263125 0.542208 0.311656 0.465750
1 0.441648 0.559240 0.230766 0.368688
1 0.669945 0.542687 0.207297 0.433708
1 0.864047 0.610115 0.271906 0.757312
47 0.758242 0.852500 0.085109 0.193958
47 0.576102 0.660792 0.060234 0.145667
47 0.149250 0.892813 0.096906 0.214375
47 0.073992 0.946083 0.087453 0.085208
47 0.335953 0.963177 0.094437 0.070479
48 0.699758 0.745406 0.028422 0.107729
48 0.409719 0.752375 0.125812 0.058333
51 0.103039 0.800667 0.165547 0.166667
59 0.536742 0.840240 0.194328 0.149146
59 0.337297 0.904625 0.201500 0.190750
47 0.542258 0.696385 0.056703 0.046812
48 0.051281 0.815937 0.102563 0.045125
47 0.682352 0.872375 0.068203 0.118667
