3 0.759258 0.395211 0.107922 0.091218
3 0.593883 0.358009 0.084297 0.054660
1 0.337641 0.511674 0.436000 0.976651
1 0.857672 0.469883 0.095031 0.361124
1 0.976383 0.446850 0.044297 0.358478
1 0.170898 0.312705 0.042203 0.145831
1 0.249055 0.299286 0.030578 0.092295
1 0.930180 0.345117 0.043922 0.102600
1 0.085922 0.367834 0.075750 0.281475
1 0.214000 0.312002 0.036094 0.089157
3 0.815523 0.368326 0.052953 0.050609
28 0.241727 0.053384 0.479734 0.099321
28 0.242852 0.099028 0.485703 0.148829
31 0.822016 0.401721 0.029906 0.059368
31 0.909266 0.431721 0.029937 0.036323
32 0.335094 0.649063 0.085469 0.539344
67 0.058688 0.550234 0.102656 0.104590
15 0.020914 0.339953 0.041672 0.077564
32 0.093688 0.324180 0.019625 0.073794
1 0.948141 0.433618 0.070844 0.294684
1 0.280000 0.304087 0.014281 0.035199
