32 0.817133 0.533691 0.007078 0.039260
32 0.772461 0.524279 0.004391 0.022751
8 0.603547 0.628140 0.662906 0.355825
1 0.661703 0.519696 0.043219 0.055636
1 0.770250 0.542372 0.048250 0.125617
1 0.842477 0.577429 0.035203 0.157894
1 0.217523 0.660740 0.052266 0.175901
1 0.047187 0.664051 0.042562 0.204497
1 0.263234 0.666338 0.028875 0.157002
1 0.180695 0.669564 0.026172 0.147552
1 0.104813 0.659345 0.046375 0.198767
1 0.737609 0.542989 0.027094 0.069051
1 0.695672 0.553454 0.046281 0.069829
1 0.288141 0.662638 0.038344 0.165579
1 0.811375 0.575882 0.047563 0.185693
3 0.102133 0.662419 0.188328 0.174820
1 0.203609 0.661898 0.036031 0.168615
