44 0.173609 0.607166 0.086094 0.458080
1 0.086211 0.413478 0.172422 0.525831
1 0.271094 0.405749 0.319281 0.586909
47 0.410805 0.903443 0.137672 0.193115
48 0.082906 0.958267 0.165594 0.069274
49 0.227687 0.925609 0.031000 0.148782
59 0.218352 0.349813 0.093328 0.060562
59 0.373414 0.794660 0.306109 0.192834
47 0.690320 0.734977 0.088078 0.136698
47 0.845602 0.878091 0.101953 0.208970
47 0.607219 0.717974 0.062969 0.128080
47 0.373078 0.859052 0.090938 0.264520
47 0.070953 0.637237 0.048625 0.117611
47 0.230367 0.697424 0.035234 0.176066
47 0.109688 0.761405 0.071188 0.185808
47 0.311680 0.657061 0.045266 0.129953
51 0.888586 0.860843 0.222828 0.153021
59 0.688547 0.364684 0.054937 0.135269
59 0.798383 0.423911 0.187953 0.040094
1 0.784867 0.380902 0.430266 0.757307
