3 0.065977 0.581021 0.129734 0.143125
8 0.502531 0.470719 0.616563 0.720729
3 0.846453 0.510760 0.078844 0.055563
3 0.889109 0.492625 0.079469 0.045083
3 0.903164 0.586063 0.193672 0.245500
1 0.150648 0.510865 0.009859 0.037229
1 0.137187 0.513865 0.014250 0.046062
1 0.104508 0.510219 0.010266 0.040896
3 0.065156 0.503583 0.027312 0.019583
14 0.078820 0.553479 0.023141 0.071000
1 0.089383 0.506500 0.009516 0.030000
1 0.123883 0.514958 0.011234 0.047125
1 0.167906 0.508729 0.014031 0.045583
1 0.399758 0.376563 0.039828 0.203417
1 0.463883 0.483354 0.073703 0.191292
1 0.144195 0.511000 0.008172 0.050542
1 0.162109 0.503750 0.008219 0.039042
1 0.540016 0.475031 0.071906 0.203313
1 0.344945 0.385344 0.039484 0.194271
1 0.367883 0.370240 0.028578 0.219104
