21 0.411070 0.642646 0.305609 0.679578
21 0.217844 0.466452 0.191250 0.217681
21 0.577852 0.494344 0.128203 0.217307
1 0.656594 0.620937 0.296531 0.723372
1 0.818688 0.533770 0.064187 0.387026
1 0.852336 0.452904 0.027328 0.192037
1 0.977469 0.390972 0.045062 0.398197
1 0.099367 0.439520 0.067859 0.263724
1 0.876695 0.444801 0.030828 0.195222
1 0.066992 0.387717 0.022578 0.053138
1 0.905711 0.409543 0.031266 0.055152
1 0.917555 0.798888 0.164891 0.348314
1 0.932914 0.404461 0.018297 0.050141
21 0.253070 0.779473 0.134484 0.441054
21 0.190437 0.462600 0.150875 0.175457
1 0.041406 0.382272 0.021906 0.037658
1 0.529273 0.358946 0.062734 0.063185
1 0.952852 0.433208 0.028578 0.118595
