44 0.313445 0.180885 0.115016 0.358521
67 0.565367 0.682292 0.868234 0.630583
77 0.346852 0.383677 0.121016 0.086188
48 0.289844 0.814365 0.192156 0.302021
48 0.922617 0.506917 0.154766 0.117875
49 0.780570 0.884604 0.088078 0.230792
51 0.503836 0.743917 0.233297 0.270958
73 0.734117 0.244510 0.470641 0.489021
73 0.102813 0.288760 0.205625 0.577521
84 0.921852 0.073083 0.019891 0.146167
84 0.877922 0.065062 0.022031 0.129417
84 0.905141 0.071687 0.029156 0.143375
49 0.219398 0.892219 0.090359 0.213979
