64 0.439844 0.495316 0.189062 0.302108
67 0.270797 0.762506 0.538469 0.451756
47 0.453555 0.587424 0.055109 0.132927
47 0.786477 0.740761 0.076766 0.128923
47 0.193930 0.540527 0.060891 0.070468
47 0.072805 0.537916 0.059359 0.085995
47 0.247211 0.292869 0.080859 0.135667
47 0.221836 0.673642 0.033797 0.089532
48 0.272922 0.682869 0.106344 0.075059
48 0.331437 0.752073 0.121313 0.090000
50 0.310633 0.712529 0.111359 0.071522
50 0.317961 0.737248 0.112891 0.086487
47 0.194445 0.655550 0.022828 0.072272
48 0.281742 0.688841 0.108234 0.071311
51 0.048461 0.642494 0.096359 0.119555
86 0.452609 0.589251 0.054344 0.129227
50 0.311711 0.730972 0.078953 0.075386
47 0.246828 0.660925 0.020156 0.065410
47 0.223898 0.650422 0.031047 0.086651
49 0.297352 0.705468 0.120703 0.071686
47 0.257570 0.649110 0.030891 0.075082
