62 0.118539 0.162681 0.046797 0.081897
62 0.155234 0.165984 0.054156 0.089438
22 0.490625 0.611628 0.453906 0.688595
1 0.746656 0.696639 0.131937 0.453934
1 0.436867 0.233314 0.045953 0.234075
1 0.406008 0.239965 0.076266 0.317728
15 0.837492 0.321417 0.325016 0.081944
1 0.807016 0.555222 0.050000 0.284356
1 0.901945 0.570141 0.067703 0.296815
1 0.968891 0.615000 0.062219 0.367799
1 0.846977 0.581991 0.085109 0.341218
1 0.465133 0.225304 0.092984 0.287611
1 0.490414 0.249133 0.081797 0.235222
1 0.545563 0.184578 0.086469 0.186112
1 0.024055 0.495047 0.048109 0.245222
1 0.375945 0.245012 0.066172 0.287588
15 0.876172 0.232436 0.244531 0.033958
15 0.778703 0.121979 0.442594 0.048407
15 0.896078 0.176815 0.207844 0.033583
15 0.902766 0.150059 0.194469 0.034309
15 0.643297 0.137049 0.166875 0.018595
15 0.639500 0.174180 0.175000 0.054262
15 0.627516 0.236323 0.136937 0.050211
15 0.868477 0.269977 0.263047 0.044543
15 0.305211 0.181686 0.148484 0.023700
15 0.887812 0.208478 0.223594 0.030773
15 0.326328 0.154871 0.142781 0.016206
77 0.822219 0.530105 0.009781 0.007471
