19 0.569617 0.467740 0.304172 0.746253
1 0.105852 0.237834 0.211703 0.474731
1 0.404969 0.474098 0.214875 0.265761
1 0.751750 0.452412 0.165406 0.431756
1 0.315328 0.290152 0.151094 0.389063
1 0.424359 0.292424 0.092906 0.367799
1 0.241055 0.560785 0.159703 0.268454
1 0.898180 0.423899 0.046047 0.099742
1 0.477766 0.209672 0.079312 0.316956
1 0.952492 0.385000 0.053047 0.121101
1 0.188914 0.714602 0.377828 0.570796
1 0.420438 0.087143 0.092188 0.141030
1 0.851352 0.530609 0.109453 0.314192
1 0.868406 0.425492 0.051000 0.107190
