41 0.654130 0.382830 0.203660 0.326936
1 0.519640 0.317979 0.498520 0.478638
1 0.159770 0.327851 0.043700 0.124511
1 0.195850 0.325904 0.044780 0.118915
1 0.246890 0.320713 0.036220 0.087383
1 0.086870 0.319521 0.047740 0.135766
1 0.039180 0.324160 0.050360 0.123681
1 0.655020 0.267319 0.041040 0.060894
1 0.766400 0.295532 0.035960 0.101872
1 0.800200 0.294309 0.036600 0.102319
1 0.838370 0.294511 0.034580 0.100681
1 0.881890 0.292436 0.030140 0.109894
1 0.620340 0.266021 0.033760 0.049830
1 0.303490 0.324340 0.029420 0.055660
