37 0.390672 0.565625 0.046938 0.064292
62 0.412156 0.125854 0.035625 0.019083
1 0.424945 0.447406 0.051922 0.288729
1 0.357391 0.747406 0.123250 0.505188
1 0.507836 0.429844 0.083266 0.289937
1 0.967266 0.445302 0.065469 0.275062
1 0.598313 0.360667 0.033719 0.065167
1 0.613289 0.258542 0.056609 0.129708
1 0.596844 0.288146 0.039188 0.085500
1 0.534648 0.286917 0.046953 0.093375
1 0.498875 0.250490 0.037906 0.092479
1 0.516562 0.183583 0.037187 0.114625
1 0.910734 0.336792 0.042188 0.099500
1 0.872789 0.327760 0.044984 0.116771
15 0.439750 0.167938 0.037312 0.018000
1 0.823312 0.327448 0.056719 0.115021
