64 0.870280 0.511205 0.048520 0.082590
64 0.584510 0.525708 0.246260 0.826295
72 0.733410 0.473539 0.119500 0.147681
62 0.398690 0.610813 0.086980 0.135361
63 0.851240 0.738193 0.297520 0.339036
67 0.632800 0.544699 0.734400 0.887048
62 0.784840 0.759337 0.201880 0.225060
62 0.261120 0.901130 0.062680 0.175271
62 0.380820 0.725361 0.169680 0.185843
82 0.165360 0.474051 0.176320 0.251114
47 0.336700 0.512380 0.018920 0.031988
51 0.205560 0.544217 0.066000 0.043253
86 0.583240 0.775904 0.068800 0.313072
18 0.662440 0.744367 0.050480 0.090663
85 0.470790 0.328569 0.044700 0.066596
47 0.166120 0.549081 0.018040 0.036958
