54 0.426984 0.359858 0.323281 0.215689
54 0.668859 0.688950 0.318750 0.407396
47 0.634016 0.160306 0.204937 0.316149
47 0.426836 0.167418 0.224641 0.321357
47 0.309906 0.649004 0.168313 0.248906
48 0.843109 0.628950 0.215750 0.492298
49 0.887453 0.599595 0.225094 0.537527
50 0.790297 0.316028 0.287062 0.121291
67 0.889930 0.548315 0.220141 0.512341
67 0.498562 0.550678 0.981031 0.835580
54 0.940078 0.066565 0.119844 0.131247
50 0.781180 0.349978 0.289016 0.070722
51 0.084758 0.274387 0.117359 0.180241
