33 0.562061 0.813063 0.577237 0.222969
1 0.270059 0.662164 0.540117 0.448203
1 0.148208 0.352438 0.282927 0.525844
1 0.291335 0.284672 0.165340 0.287156
1 0.873009 0.489961 0.253326 0.724234
1 0.576815 0.398117 0.503841 0.704672
1 0.926253 0.138063 0.147494 0.164031
1 0.804742 0.266766 0.111593 0.349094
1 0.301721 0.168023 0.129813 0.161016
1 0.276429 0.075148 0.088407 0.073953
1 0.504696 0.125023 0.077963 0.051297
28 0.366897 0.518508 0.056838 0.183016
31 0.610445 0.929422 0.338876 0.141156
31 0.364063 0.441633 0.141054 0.092203
1 0.701944 0.146523 0.082857 0.088766
1 0.740047 0.150352 0.041311 0.039359
