34 0.624484 0.646502 0.121156 0.148310
1 0.513883 0.618638 0.341828 0.762723
1 0.505164 0.538028 0.792766 0.878451
1 0.660586 0.447171 0.115078 0.612559
1 0.807266 0.207711 0.055344 0.160399
1 0.073523 0.375023 0.147047 0.489484
1 0.475703 0.162441 0.087438 0.189202
1 0.616695 0.186256 0.097922 0.274906
1 0.958461 0.404495 0.083078 0.665188
1 0.865641 0.131725 0.054031 0.203451
1 0.727094 0.233815 0.070563 0.121761
1 0.929367 0.105153 0.056797 0.142746
1 0.259648 0.308122 0.102953 0.464038
1 0.685297 0.092864 0.055125 0.129296
