19 0.505479 0.867555 0.290458 0.200234
1 0.315417 0.898477 0.138042 0.203047
1 0.556302 0.798617 0.081021 0.152891
1 0.684302 0.889398 0.093438 0.221203
1 0.500458 0.755000 0.061167 0.071156
1 0.932719 0.868836 0.073229 0.188484
32 0.297323 0.880469 0.021021 0.055344
1 0.760729 0.802906 0.038042 0.046125
19 0.338042 0.794586 0.071250 0.071047
1 0.420917 0.749641 0.042875 0.047719
1 0.388667 0.755531 0.043583 0.046875
1 0.023021 0.921406 0.046042 0.151906
1 0.066719 0.895430 0.107604 0.209141
2 0.153844 0.823813 0.034021 0.036687
