72 0.937852 0.065251 0.123547 0.127795
67 0.504000 0.753362 0.987594 0.493275
1 0.843469 0.364607 0.255687 0.404498
1 0.287398 0.454913 0.224547 0.586638
1 0.123023 0.574159 0.246047 0.725830
48 0.945672 0.811245 0.108656 0.052795
50 0.885563 0.874891 0.045031 0.030044
51 0.184109 0.858155 0.140875 0.091725
51 0.951680 0.751124 0.096641 0.094170
51 0.912891 0.942020 0.174219 0.108712
51 0.969945 0.643133 0.060109 0.059367
51 0.786234 0.559072 0.075844 0.047314
51 0.378367 0.708581 0.101672 0.067773
57 0.353133 0.682991 0.075609 0.029869
57 0.400273 0.684552 0.077422 0.116878
57 0.567523 0.653657 0.045453 0.115742
57 0.427422 0.670775 0.056219 0.081507
57 0.420109 0.652544 0.058937 0.148231
46 0.285242 0.862031 0.087766 0.245284
46 0.639008 0.908821 0.106078 0.160000
46 0.890984 0.653057 0.054062 0.166856
46 0.935680 0.568483 0.050016 0.127707
46 0.662273 0.484749 0.046391 0.077576
46 0.780539 0.762642 0.076297 0.234760
46 0.594820 0.579378 0.059109 0.143253
46 0.491086 0.658352 0.077047 0.105175
46 0.846836 0.622991 0.060453 0.181397
46 0.885719 0.523428 0.055031 0.092838
48 0.980484 0.687860 0.038125 0.034629
48 0.955359 0.678308 0.024500 0.031812
50 0.939539 0.710688 0.025422 0.014301
50 0.813391 0.638297 0.024844 0.038472
51 0.511781 0.600273 0.055063 0.051288
57 0.534719 0.630404 0.035875 0.117358
57 0.727055 0.550764 0.088828 0.117642
57 0.634992 0.506441 0.043547 0.085197
46 0.672289 0.948133 0.094953 0.103734
46 0.809547 0.811376 0.067156 0.196725
57 0.561766 0.631900 0.060094 0.104978
57 0.553008 0.615939 0.024016 0.081310
57 0.684586 0.556517 0.041359 0.070284
57 0.552242 0.658133 0.047891 0.080590
61 0.689398 0.682959 0.050859 0.074738
46 0.441305 0.654083 0.039047 0.090000
47 0.713781 0.502020 0.042688 0.074389
50 0.104203 0.946419 0.154531 0.031921
