8 0.550727 0.348656 0.324547 0.504479
1 0.848336 0.410354 0.045328 0.109000
1 0.817812 0.410792 0.028937 0.112208
1 0.208687 0.378646 0.034344 0.099333
1 0.419063 0.359896 0.099219 0.091958
1 0.301367 0.300542 0.011266 0.029458
1 0.314055 0.302687 0.009672 0.019542
3 0.082398 0.476458 0.164797 0.190583
3 0.168633 0.453021 0.139391 0.166292
3 0.744500 0.390271 0.090875 0.112042
3 0.858672 0.333479 0.069812 0.046458
3 0.292344 0.371865 0.042500 0.062021
8 0.456930 0.505625 0.353047 0.454958
1 0.358945 0.303917 0.009641 0.024792
1 0.613359 0.256833 0.060531 0.062292
3 0.767969 0.333854 0.106250 0.057292
3 0.246227 0.355604 0.069859 0.032625
10 0.310562 0.245135 0.012625 0.029479
10 0.333867 0.251875 0.010578 0.039667
3 0.956008 0.337521 0.046016 0.024292
3 0.709313 0.335000 0.029531 0.049208
3 0.345766 0.354969 0.035000 0.054896
1 0.240258 0.404979 0.035734 0.126583
