7 0.459365 0.608719 0.799396 0.371375
1 0.424500 0.401797 0.324750 0.202188
1 0.240479 0.466523 0.087250 0.057141
1 0.213552 0.434344 0.098104 0.138594
1 0.749531 0.438477 0.112146 0.199453
1 0.676823 0.389602 0.083937 0.097391
1 0.809542 0.367320 0.059042 0.063016
1 0.573229 0.404258 0.077208 0.109422
1 0.831677 0.445602 0.070271 0.142484
1 0.141635 0.486266 0.089438 0.246813
1 0.195198 0.385781 0.072188 0.075094
1 0.619875 0.410391 0.035292 0.031625
1 0.313396 0.369719 0.057667 0.036437
1 0.655635 0.432953 0.104354 0.072844
