2 0.572945 0.756692 0.458828 0.450868
4 0.808023 0.617425 0.096172 0.213473
4 0.865000 0.508368 0.101188 0.155539
1 0.655531 0.440269 0.125188 0.597066
1 0.745086 0.471647 0.092484 0.415749
1 0.814617 0.381692 0.086609 0.265838
1 0.298492 0.301662 0.022047 0.103024
2 0.495641 0.300778 0.055281 0.071257
52 0.367867 0.525045 0.088609 0.138473
52 0.510102 0.699790 0.042234 0.023892
52 0.447953 0.675883 0.027844 0.071168
52 0.560609 0.573698 0.075719 0.120749
52 0.586430 0.495240 0.064109 0.080719
52 0.517547 0.432305 0.028563 0.053952
52 0.546883 0.433982 0.011891 0.028982
52 0.584445 0.437844 0.013141 0.035509
52 0.433852 0.477560 0.077672 0.095659
52 0.298180 0.514311 0.060203 0.138623
52 0.484406 0.713728 0.043688 0.024341
52 0.494250 0.501946 0.007000 0.020659
52 0.348633 0.413443 0.088203 0.105629
