72 0.279906 0.659010 0.221781 0.192896
44 0.924289 0.143031 0.023422 0.093729
44 0.817727 0.739927 0.030391 0.104063
44 0.420703 0.610000 0.033375 0.086042
73 0.441664 0.743760 0.152484 0.177896
84 0.296227 0.157906 0.017547 0.108188
84 0.518852 0.146510 0.088703 0.018146
47 0.591086 0.764250 0.058391 0.072875
87 0.718898 0.687281 0.022047 0.040688
76 0.445680 0.788583 0.121141 0.028375
84 0.754031 0.851156 0.080031 0.114771
84 0.160711 0.191760 0.010766 0.043021
84 0.285133 0.142125 0.034484 0.142500
84 0.393359 0.147906 0.031750 0.132188
84 0.150016 0.152677 0.011906 0.117146
84 0.171641 0.154521 0.019031 0.114125
84 0.328352 0.152365 0.016391 0.117563
84 0.267648 0.142740 0.017047 0.138937
84 0.312867 0.152115 0.015641 0.125688
84 0.119469 0.141302 0.056156 0.143687
19 0.333859 0.062375 0.053312 0.075625
44 0.669477 0.723104 0.030328 0.107583
84 0.180820 0.147646 0.015109 0.122333
