3 0.971180 0.875479 0.041922 0.052083
3 0.449563 0.567781 0.022406 0.025896
3 0.466773 0.549583 0.009203 0.017042
3 0.478242 0.503865 0.020141 0.017896
3 0.482680 0.462552 0.012703 0.008813
3 0.486023 0.440510 0.010078 0.007771
3 0.487852 0.416594 0.010016 0.011312
3 0.765766 0.693677 0.052187 0.028479
7 0.098594 0.778083 0.193812 0.296625
7 0.402813 0.471333 0.029781 0.059833
8 0.793680 0.645344 0.104609 0.068562
8 0.669375 0.628010 0.123375 0.076604
10 0.550102 0.494792 0.005266 0.012917
3 0.965820 0.921740 0.038672 0.037188
3 0.941367 0.900833 0.043609 0.056167
3 0.514648 0.417990 0.009609 0.008146
3 0.437602 0.585260 0.022203 0.027771
3 0.482453 0.473677 0.012094 0.018521
8 0.540391 0.529052 0.050031 0.076938
