1 0.043477 0.689883 0.083953 0.593255
1 0.069242 0.448981 0.033578 0.120679
1 0.233797 0.445937 0.052187 0.149578
1 0.602258 0.486792 0.079109 0.279625
1 0.276617 0.507494 0.041297 0.207260
1 0.315727 0.474450 0.065016 0.203279
55 0.822937 0.843009 0.067125 0.102319
55 0.695008 0.848349 0.068703 0.096838
31 0.120305 0.505340 0.026141 0.093255
53 0.598234 0.664239 0.063687 0.066745
53 0.620664 0.640972 0.038828 0.069532
53 0.575477 0.631499 0.056922 0.069555
53 0.336102 0.648009 0.022484 0.033115
53 0.340930 0.615234 0.018516 0.031358
53 0.395328 0.611054 0.020156 0.021686
1 0.178352 0.428443 0.038484 0.088126
1 0.361273 0.443302 0.028266 0.064356
27 0.073063 0.646007 0.146125 0.344426
31 0.220711 0.453162 0.013453 0.081686
31 0.272406 0.633056 0.033844 0.129953
55 0.874461 0.936897 0.083609 0.116370
55 0.926227 0.836897 0.073328 0.087799
55 0.353836 0.947541 0.077797 0.104918
55 0.185531 0.931604 0.082000 0.120258
55 0.920750 0.763302 0.054344 0.073349
55 0.725984 0.941674 0.077750 0.116651
55 0.880320 0.809157 0.041078 0.067073
55 0.900109 0.825105 0.025312 0.070679
55 0.801227 0.930504 0.067047 0.105738
1 0.238422 0.549145 0.043156 0.232857
1 0.212906 0.436534 0.034750 0.125995
1 0.538883 0.457166 0.042984 0.132272
1 0.144547 0.479239 0.056469 0.155012
55 0.567047 0.954859 0.088844 0.090281
55 0.563555 0.858548 0.071797 0.105621
1 0.765234 0.421499 0.022406 0.040468
53 0.397539 0.655831 0.054359 0.040187
