3 0.227002 0.829094 0.138080 0.073313
38 0.338747 0.062578 0.030328 0.027531
38 0.289660 0.257617 0.023864 0.015828
38 0.832494 0.402578 0.025457 0.030125
1 0.768700 0.814281 0.352904 0.371437
1 0.529052 0.824031 0.034778 0.053625
1 0.491112 0.821797 0.018899 0.048438
1 0.457424 0.823273 0.026370 0.048547
1 0.304180 0.831695 0.044333 0.073266
1 0.029227 0.862602 0.056066 0.115797
1 0.194087 0.835445 0.045410 0.075578
1 0.291206 0.835156 0.016651 0.055063
1 0.157986 0.820242 0.024543 0.043047
1 0.134274 0.819187 0.021897 0.040219
1 0.500785 0.823570 0.031265 0.052797
1 0.338372 0.828688 0.030796 0.057750
1 0.315375 0.837859 0.025925 0.043406
