5 0.500000 0.424313 1.000000 0.353458
1 0.751469 0.811708 0.079906 0.376583
1 0.860094 0.789125 0.174594 0.421750
1 0.945969 0.806615 0.062750 0.382646
1 0.588313 0.625896 0.066312 0.107125
1 0.703063 0.638531 0.062594 0.117604
8 0.781031 0.588812 0.127406 0.101667
31 0.745047 0.739437 0.062062 0.133250
31 0.811867 0.790729 0.077203 0.124500
31 0.983328 0.810510 0.033344 0.128021
31 0.681172 0.650771 0.014469 0.028875
31 0.283445 0.811125 0.289047 0.289542
31 0.570305 0.656656 0.019078 0.026396
33 0.120344 0.752333 0.240687 0.226833
1 0.790828 0.634354 0.059750 0.126708
1 0.614461 0.594156 0.020203 0.077104
33 0.081758 0.942990 0.107609 0.113687
33 0.299164 0.625844 0.187078 0.087646
1 0.373164 0.400719 0.020172 0.028354
1 0.531734 0.496104 0.015094 0.039292
31 0.447875 0.415865 0.009562 0.019854
