64 0.236164 0.487394 0.045203 0.145775
63 0.675602 0.539824 0.464641 0.316925
62 0.256062 0.699707 0.149531 0.266784
62 0.165250 0.658122 0.094563 0.216761
62 0.343406 0.594800 0.096344 0.250728
62 0.872195 0.713369 0.235266 0.394390
67 0.241320 0.574847 0.164984 0.125986
79 0.410203 0.392394 0.057281 0.044883
84 0.658391 0.589237 0.072375 0.057488
64 0.530289 0.291937 0.039109 0.049366
72 0.082812 0.395258 0.074313 0.206432
79 0.320125 0.396808 0.027344 0.037183
81 0.491625 0.364319 0.024438 0.010329
82 0.335219 0.360739 0.070000 0.115798
62 0.247687 0.504354 0.056594 0.052700
86 0.241391 0.532512 0.033531 0.060939
79 0.397844 0.360047 0.055750 0.059531
