13 0.663477 0.562115 0.064109 0.082021
3 0.146961 0.829948 0.287172 0.315312
3 0.308227 0.858625 0.111859 0.258875
3 0.435812 0.855865 0.084469 0.231979
3 0.866570 0.772750 0.167047 0.144125
1 0.578633 0.877417 0.072203 0.207708
1 0.846070 0.798875 0.067422 0.240458
1 0.955758 0.831260 0.086141 0.337479
3 0.258883 0.704375 0.033672 0.048583
3 0.599109 0.783813 0.024438 0.020208
14 0.291875 0.793938 0.047813 0.137875
14 0.505516 0.754510 0.029094 0.085604
14 0.582227 0.738021 0.018391 0.066875
14 0.638625 0.723229 0.019125 0.059833
14 0.567164 0.737875 0.022266 0.080500
31 0.939992 0.818969 0.037703 0.146313
3 0.067062 0.887052 0.134125 0.197646
77 0.952461 0.726490 0.006609 0.022562
3 0.528219 0.791094 0.008719 0.076729
6 0.396656 0.774427 0.265375 0.335146
1 0.702211 0.812344 0.087391 0.327313
1 0.683305 0.716406 0.037422 0.106104
