3 0.730500 0.605785 0.152438 0.161874
3 0.940648 0.595047 0.118703 0.134262
6 0.491023 0.517986 0.358328 0.204496
1 0.406203 0.604707 0.054281 0.131148
1 0.822383 0.660129 0.050703 0.266487
1 0.881461 0.607799 0.058016 0.169789
1 0.180656 0.563677 0.011562 0.060656
1 0.197500 0.560269 0.011437 0.053372
31 0.422602 0.607037 0.018609 0.061007
31 0.895695 0.637998 0.020453 0.054918
3 0.797781 0.530047 0.027656 0.025808
3 0.851539 0.539789 0.056953 0.044496
3 0.880305 0.510152 0.064797 0.019087
1 0.144227 0.596511 0.034672 0.084965
3 0.815852 0.544977 0.030859 0.056604
1 0.190625 0.566698 0.012625 0.055176
