20 0.508102 0.497781 0.081672 0.169187
20 0.733266 0.495438 0.160594 0.181500
20 0.323742 0.499365 0.092484 0.166521
20 0.211953 0.495833 0.151500 0.162417
31 0.151187 0.926219 0.108813 0.147562
31 0.490102 0.888563 0.092547 0.132500
1 0.165266 0.856021 0.223156 0.266208
1 0.298195 0.738729 0.076141 0.216500
1 0.326969 0.852802 0.117969 0.253937
1 0.421523 0.815521 0.159922 0.286500
1 0.502805 0.849167 0.163484 0.299417
1 0.587477 0.836302 0.166047 0.327271
1 0.545352 0.658927 0.085234 0.099937
1 0.859133 0.963427 0.097859 0.073146
1 0.365922 0.647250 0.055656 0.151000
1 0.332859 0.676063 0.050344 0.124542
1 0.498352 0.651740 0.045109 0.090979
1 0.717953 0.957052 0.078563 0.085896
31 0.394188 0.961073 0.066156 0.077854
31 0.586070 0.837177 0.041391 0.055938
31 0.099750 0.711542 0.040875 0.037375
1 0.243516 0.838719 0.072688 0.322563
31 0.032016 0.881948 0.064031 0.099771
31 0.399023 0.817552 0.069922 0.128688
