1 0.561230 0.331267 0.770300 0.623013
1 0.787420 0.177773 0.182480 0.353147
1 0.815710 0.105853 0.104780 0.210853
15 0.364870 0.539413 0.628380 0.756747
27 0.503740 0.315853 0.165560 0.235067
27 0.278300 0.536613 0.220280 0.261227
31 0.890780 0.312307 0.092280 0.076347
15 0.708320 0.235227 0.158120 0.288053
31 0.750740 0.184173 0.155720 0.113840
33 0.879740 0.189640 0.064040 0.151013
33 0.794430 0.666840 0.234020 0.204453
33 0.742680 0.185613 0.136640 0.113467
33 0.793950 0.756480 0.258940 0.208853
