3 0.967990 0.189086 0.064021 0.035016
7 0.669406 0.707500 0.660771 0.585000
1 0.396073 0.408156 0.026062 0.021937
15 0.091323 0.905766 0.085938 0.060750
8 0.772125 0.184383 0.058417 0.036234
1 0.365083 0.405008 0.026792 0.032359
10 0.123729 0.237937 0.020875 0.016625
10 0.080990 0.453969 0.017271 0.011844
10 0.918260 0.073156 0.006938 0.006625
10 0.888552 0.054164 0.014771 0.016109
10 0.842375 0.064086 0.003083 0.006828
10 0.817021 0.073367 0.008375 0.011828
11 0.319188 0.326516 0.018500 0.025812
