44 0.529141 0.645323 0.079344 0.332479
77 0.327422 0.481010 0.056937 0.034687
77 0.710273 0.622365 0.037797 0.023104
62 0.579289 0.477885 0.085359 0.266146
67 0.528031 0.702052 0.938344 0.565021
1 0.291656 0.292052 0.365281 0.529729
1 0.106180 0.500000 0.212359 0.977542
1 0.152250 0.211302 0.096625 0.224729
1 0.803891 0.386573 0.392219 0.584646
47 0.909273 0.698187 0.106172 0.256167
47 0.458812 0.533240 0.070906 0.180521
47 0.736547 0.762219 0.124438 0.286979
47 0.241781 0.600271 0.086563 0.198917
47 0.177305 0.475948 0.068328 0.112646
67 0.484828 0.387875 0.069156 0.091458
77 0.269297 0.501615 0.047125 0.045896
85 0.387039 0.517323 0.016547 0.031813
