20 0.665141 0.879330 0.038781 0.048683
20 0.630797 0.839104 0.040844 0.029309
20 0.711758 0.889676 0.042672 0.063067
20 0.786859 0.829838 0.017531 0.031512
20 0.862320 0.816933 0.032016 0.032354
20 0.807477 0.909514 0.065078 0.053758
20 0.835734 0.883283 0.041563 0.040907
20 0.540461 0.923175 0.049828 0.083715
20 0.292078 0.898607 0.046219 0.077430
20 0.026000 0.861112 0.030844 0.014060
20 0.120930 0.923823 0.028484 0.049028
20 0.769773 0.810907 0.026953 0.031663
20 0.902031 0.897657 0.039875 0.056652
20 0.921594 0.823747 0.028656 0.033715
20 0.769828 0.842235 0.021125 0.024557
