44 0.331383 0.283698 0.025578 0.079021
47 0.195938 0.328115 0.033719 0.040479
47 0.310523 0.324740 0.035453 0.062354
51 0.159336 0.360583 0.100203 0.051667
51 0.840828 0.487458 0.061625 0.067500
52 0.849180 0.362604 0.096172 0.095542
79 0.489492 0.618365 0.280422 0.534604
81 0.080594 0.440260 0.161187 0.122021
46 0.049273 0.321219 0.056641 0.125104
51 0.250906 0.348625 0.055000 0.058708
51 0.326359 0.355677 0.036094 0.054479
47 0.325469 0.356052 0.031938 0.051813
47 0.106227 0.349500 0.046859 0.079250
50 0.400703 0.442000 0.037937 0.021250
50 0.155680 0.245260 0.015641 0.057979
82 0.719281 0.750094 0.291406 0.498021
50 0.168813 0.237104 0.017719 0.065000
51 0.292422 0.367010 0.049469 0.041021
