72 0.372230 0.318310 0.208820 0.252491
62 0.906520 0.585267 0.186240 0.429395
62 0.923550 0.870480 0.152900 0.259039
1 0.716920 0.722367 0.269920 0.555267
1 0.775760 0.559253 0.308280 0.370178
75 0.460290 0.814520 0.079580 0.061281
84 0.293630 0.908986 0.155340 0.159537
63 0.926540 0.836210 0.146920 0.304947
75 0.679890 0.679253 0.043060 0.072456
75 0.411700 0.745214 0.050000 0.049786
75 0.192840 0.545409 0.030440 0.022918
75 0.172580 0.549181 0.029840 0.018221
75 0.163890 0.556441 0.025460 0.022135
84 0.435670 0.862011 0.095900 0.092776
88 0.537500 0.154270 0.035440 0.076014
