62 0.836320 0.758494 0.182141 0.396894
62 0.481797 0.657565 0.113969 0.309247
63 0.241672 0.857988 0.474750 0.265671
67 0.646094 0.620741 0.430531 0.131129
62 0.607977 0.762553 0.131297 0.395412
62 0.739422 0.549588 0.061187 0.105624
82 0.935703 0.470800 0.127625 0.643153
46 0.748930 0.575600 0.027828 0.081412
46 0.531383 0.560412 0.025234 0.083129
46 0.645188 0.567741 0.107969 0.101882
84 0.838945 0.530800 0.042859 0.037035
44 0.693352 0.281612 0.012703 0.070659
44 0.682875 0.279447 0.011875 0.070376
44 0.691906 0.361835 0.014344 0.064753
44 0.647672 0.282576 0.011062 0.065671
44 0.613750 0.281176 0.010781 0.072329
44 0.634297 0.360271 0.017688 0.069953
44 0.679242 0.361953 0.014359 0.060141
44 0.626047 0.282518 0.012281 0.070965
44 0.621008 0.359282 0.009203 0.070141
44 0.644477 0.356694 0.016984 0.065529
44 0.670469 0.279541 0.013312 0.068118
50 0.806211 0.647188 0.032641 0.012635
51 0.078250 0.721624 0.109281 0.056329
62 0.665828 0.555071 0.071625 0.079882
86 0.264703 0.568012 0.018156 0.069482
86 0.643469 0.524671 0.036937 0.109953
86 0.503812 0.221212 0.039438 0.045812
44 0.637398 0.283753 0.011953 0.069859
47 0.039539 0.640871 0.018266 0.054447
72 0.411461 0.438988 0.143047 0.164188
44 0.657742 0.357412 0.011391 0.070871
48 0.459570 0.592259 0.033359 0.008047
64 0.651883 0.436035 0.021391 0.063176
64 0.253953 0.484741 0.037750 0.250659
64 0.621719 0.435247 0.020594 0.057224
