42 0.266664 0.582406 0.047266 0.057604
42 0.106078 0.446573 0.042562 0.026604
42 0.731461 0.723594 0.134828 0.049438
42 0.179469 0.451427 0.021906 0.019646
42 0.214039 0.650656 0.087109 0.076938
42 0.232852 0.541385 0.137422 0.055521
1 0.230297 0.661771 0.053125 0.206875
1 0.715352 0.648281 0.070922 0.148813
1 0.823992 0.396323 0.028766 0.065354
1 0.863055 0.373833 0.018016 0.067042
1 0.623719 0.325292 0.015906 0.050917
1 0.101484 0.284031 0.013938 0.029854
1 0.227711 0.557906 0.044422 0.114729
1 0.127570 0.339823 0.026453 0.049979
1 0.143516 0.318198 0.028563 0.040354
1 0.092289 0.425229 0.031297 0.082583
1 0.179352 0.438354 0.020516 0.058500
15 0.860766 0.441281 0.132219 0.078938
42 0.189039 0.360448 0.030266 0.007396
42 0.765883 0.718260 0.061047 0.015396
1 0.128156 0.318146 0.023031 0.027417
1 0.128688 0.284052 0.017250 0.044854
