5 0.442727 0.264050 0.752422 0.379786
5 0.501477 0.613480 0.997047 0.750570
20 0.607148 0.200891 0.013922 0.012423
20 0.699781 0.224287 0.007562 0.007530
20 0.730898 0.222945 0.014703 0.012684
20 0.748672 0.211580 0.009312 0.018219
20 0.790711 0.225368 0.011484 0.015629
20 0.731125 0.208931 0.011281 0.013064
20 0.701422 0.209857 0.009219 0.012684
20 0.681375 0.206425 0.007906 0.011188
20 0.664281 0.199976 0.008063 0.013587
20 0.579469 0.196223 0.009031 0.009311
20 0.714773 0.208100 0.012609 0.012874
20 0.595234 0.196793 0.004469 0.006081
20 0.690766 0.221057 0.008375 0.008147
