62 0.660429 0.853484 0.014916 0.037125
67 0.616663 0.805000 0.026130 0.006031
1 0.316715 0.900883 0.035983 0.074922
1 0.730335 0.852945 0.032636 0.069797
1 0.464100 0.834891 0.033556 0.025938
1 0.640293 0.769477 0.026318 0.056141
1 0.504372 0.944352 0.050753 0.101766
1 0.429456 0.752578 0.023096 0.043125
1 0.442176 0.721828 0.015021 0.023281
1 0.645565 0.843875 0.029289 0.048875
1 0.638180 0.740273 0.018870 0.023984
85 0.510481 0.407836 0.141632 0.103422
1 0.756967 0.713695 0.016318 0.019359
1 0.362709 0.834578 0.031067 0.043125
31 0.327981 0.898625 0.011192 0.014313
1 0.442082 0.740539 0.012824 0.015797
1 0.405638 0.879836 0.033201 0.075891
31 0.291433 0.866859 0.018933 0.026594
