32 0.445008 0.751969 0.111391 0.376932
62 0.211508 0.904493 0.117734 0.182029
62 0.780188 0.827428 0.323219 0.345145
1 0.418977 0.350761 0.327266 0.498527
1 0.783461 0.557307 0.433078 0.853937
51 0.865414 0.334493 0.069984 0.061208
62 0.256492 0.314300 0.118922 0.286135
62 0.091594 0.297126 0.123562 0.280918
62 0.165430 0.480713 0.031547 0.103937
84 0.694547 0.126763 0.018563 0.142174
84 0.705883 0.117572 0.015828 0.163696
62 0.978422 0.766920 0.043156 0.265628
84 0.634305 0.551341 0.020266 0.117754
84 0.748523 0.112983 0.018484 0.158430
84 0.763773 0.116365 0.025016 0.150072
84 0.780164 0.115725 0.026453 0.155990
84 0.633141 0.357367 0.038312 0.164203
84 0.599211 0.535507 0.035984 0.136522
84 0.695266 0.335314 0.024125 0.137246
84 0.635938 0.347597 0.053000 0.163841
84 0.642680 0.535169 0.053547 0.157536
84 0.604281 0.368345 0.014969 0.152150
50 0.911648 0.336751 0.025484 0.016739
84 0.595375 0.366546 0.009687 0.149758
62 0.113711 0.656244 0.170141 0.518237
1 0.378039 0.548043 0.450297 0.877923
