10 0.500914 0.565890 0.016484 0.057026
10 0.375047 0.562037 0.023281 0.054520
10 0.719008 0.651604 0.025484 0.096885
1 0.926156 0.806464 0.040563 0.189180
2 0.922477 0.850480 0.013203 0.127799
3 0.292367 0.794813 0.152922 0.170796
10 0.447156 0.660059 0.008250 0.024145
10 0.934094 0.546850 0.013344 0.049391
10 0.949203 0.542705 0.015438 0.048126
10 0.192992 0.504578 0.024141 0.073372
10 0.027242 0.512365 0.030953 0.077752
11 0.862992 0.805375 0.017484 0.045269
3 0.545344 0.816347 0.218250 0.264262
3 0.412227 0.777471 0.022078 0.082717
3 0.082000 0.807002 0.157000 0.277658
3 0.195758 0.783314 0.079922 0.103396
3 0.431164 0.709356 0.012141 0.014778
3 0.744445 0.805129 0.236891 0.177377
3 0.371000 0.765340 0.073906 0.126932
3 0.429758 0.746405 0.033547 0.036230
10 0.501078 0.661686 0.006438 0.023981
31 0.925523 0.765527 0.038703 0.048665
27 0.925789 0.762506 0.035516 0.052037
