35 0.374687 0.793778 0.193281 0.104556
35 0.215945 0.754153 0.100922 0.054194
35 0.205633 0.711931 0.219984 0.032750
35 0.551172 0.782042 0.107156 0.024028
35 0.464375 0.706556 0.130250 0.057556
1 0.862906 0.257597 0.005750 0.016639
1 0.564898 0.539958 0.128516 0.472028
1 0.671852 0.541944 0.088203 0.517111
1 0.363484 0.551556 0.110312 0.520389
1 0.158008 0.503375 0.070797 0.256194
1 0.204781 0.480153 0.079406 0.457806
1 0.604766 0.390056 0.063281 0.252944
1 0.284578 0.520222 0.129188 0.433333
1 0.060328 0.470708 0.069812 0.352750
35 0.286227 0.677944 0.067328 0.033944
35 0.114461 0.654625 0.114016 0.034306
1 0.140664 0.452583 0.017578 0.057167
1 0.878555 0.257319 0.002422 0.008194
1 0.487859 0.495431 0.098437 0.430417
35 0.663289 0.778556 0.250984 0.071833
