44 0.061417 0.499195 0.122542 0.277891
62 0.858365 0.628648 0.091563 0.055797
62 0.777542 0.594492 0.201583 0.097203
62 0.443792 0.498422 0.060333 0.029719
3 0.169760 0.200422 0.078188 0.070813
3 0.607198 0.190422 0.146812 0.104500
1 0.648813 0.377555 0.404750 0.428578
1 0.394208 0.301031 0.280125 0.351969
1 0.056229 0.254180 0.112458 0.275828
77 0.842594 0.330055 0.061271 0.058109
77 0.470542 0.425914 0.092292 0.059828
46 0.724021 0.818500 0.150500 0.262937
46 0.116562 0.754820 0.156500 0.215203
46 0.087188 0.421883 0.075500 0.080141
48 0.865281 0.906148 0.046146 0.057672
49 0.870198 0.926492 0.034104 0.016516
59 0.653187 0.729211 0.509375 0.213484
84 0.353073 0.634836 0.341979 0.143234
46 0.066531 0.376078 0.048646 0.029187
59 0.268260 0.497078 0.310646 0.069500
59 0.156844 0.413508 0.098271 0.029828
3 0.464854 0.176344 0.061417 0.038125
67 0.500000 0.782625 1.000000 0.434750
1 0.863552 0.444297 0.227979 0.525906
