55 0.513780 0.308653 0.282320 0.219867
55 0.507350 0.410053 0.334260 0.192853
55 0.304600 0.465973 0.164360 0.213173
55 0.260510 0.331787 0.154420 0.115733
55 0.321050 0.261787 0.153900 0.146240
55 0.631840 0.259640 0.253920 0.067280
52 0.633370 0.686813 0.207700 0.185520
52 0.723030 0.543253 0.215740 0.244960
52 0.881880 0.424267 0.212280 0.142080
52 0.863250 0.305933 0.217940 0.114160
52 0.815270 0.182827 0.165460 0.143573
52 0.739370 0.137427 0.118580 0.080133
52 0.626120 0.095507 0.126400 0.137093
52 0.380880 0.629147 0.324560 0.215253
52 0.150220 0.578453 0.187680 0.115200
52 0.108710 0.488760 0.170220 0.159547
52 0.292270 0.278440 0.576020 0.427920
55 0.633580 0.198760 0.228880 0.073573
55 0.448240 0.477867 0.240240 0.208320
55 0.732480 0.389053 0.187920 0.140560
55 0.684900 0.321360 0.230600 0.070667
55 0.923270 0.258707 0.084820 0.113733
