19 0.504330 0.735123 0.295180 0.507520
19 0.400940 0.819346 0.082080 0.339782
3 0.941060 0.809155 0.117880 0.140381
3 0.703910 0.653460 0.028420 0.054823
1 0.543490 0.620463 0.153380 0.400000
1 0.420060 0.481894 0.070600 0.079319
1 0.733350 0.659019 0.026500 0.094387
1 0.816640 0.641349 0.024720 0.055613
1 0.751530 0.658842 0.016580 0.087929
1 0.114450 0.712725 0.031500 0.124251
8 0.654890 0.665272 0.079060 0.096649
31 0.619200 0.690572 0.037560 0.078965
1 0.719410 0.664673 0.019940 0.077956
1 0.686540 0.675436 0.017240 0.071689
1 0.790110 0.635490 0.012540 0.046403
1 0.010360 0.931771 0.017280 0.108229
3 0.691190 0.626771 0.023540 0.024278
1 0.121510 0.679155 0.029740 0.077057
1 0.083510 0.718542 0.035140 0.129237
1 0.780630 0.636894 0.013580 0.043815
