27 0.774859 0.228609 0.108263 0.126125
33 0.762265 0.848430 0.367207 0.298797
33 0.553509 0.728273 0.416878 0.399984
33 0.503380 0.517938 0.993239 0.576750
33 0.916714 0.782359 0.166573 0.365313
1 0.773498 0.153141 0.078873 0.094031
1 0.751948 0.144258 0.042300 0.060328
1 0.685035 0.183938 0.085563 0.141156
1 0.657711 0.136875 0.044296 0.042969
1 0.630200 0.156617 0.058474 0.070953
1 0.361080 0.198898 0.129343 0.112672
31 0.956784 0.250477 0.056479 0.070641
1 0.261972 0.188383 0.084601 0.163984
1 0.148920 0.202625 0.070798 0.161844
1 0.169519 0.162258 0.044671 0.108141
1 0.068568 0.159820 0.097606 0.085641
1 0.442969 0.144172 0.021244 0.035937
1 0.863192 0.228758 0.165070 0.303203
27 0.878169 0.500203 0.213662 0.139594
33 0.112770 0.591187 0.197512 0.143750
33 0.841303 0.562992 0.312653 0.298359
33 0.676796 0.445453 0.226878 0.092094
33 0.685892 0.272227 0.095258 0.035984
33 0.710200 0.368828 0.257535 0.083125
1 0.824073 0.121461 0.103498 0.090547
31 0.666901 0.174523 0.065352 0.035078
