77 0.223109 0.970187 0.058188 0.059625
67 0.401125 0.822479 0.795500 0.332583
1 0.735383 0.676917 0.484828 0.644958
1 0.157633 0.534458 0.260016 0.465750
1 0.697141 0.461073 0.092281 0.357938
1 0.030562 0.463479 0.061125 0.359542
47 0.521469 0.748927 0.052250 0.116854
47 0.209820 0.703135 0.052953 0.095438
50 0.407648 0.657813 0.045984 0.039375
53 0.746984 0.521156 0.060437 0.048937
1 0.063688 0.295750 0.053125 0.125208
50 0.476898 0.945854 0.122891 0.026875
77 0.675711 0.362542 0.010609 0.028083
1 0.233094 0.439031 0.042781 0.221729
1 0.525133 0.470281 0.299047 0.473687
62 0.917766 0.589906 0.037531 0.065854
62 0.981937 0.781188 0.036125 0.161333
44 0.984820 0.843344 0.030359 0.048604
53 0.100180 0.569594 0.056141 0.040313
59 0.424289 0.688760 0.065203 0.043729
1 0.767500 0.320385 0.093063 0.112312
