5 0.543523 0.445413 0.912953 0.555253
5 0.772336 0.629440 0.082703 0.054027
1 0.491602 0.677587 0.019172 0.097040
1 0.451227 0.657800 0.015797 0.070907
5 0.938719 0.638560 0.043000 0.028373
5 0.977477 0.640787 0.044359 0.035547
1 0.470344 0.671280 0.022594 0.103093
8 0.721523 0.663120 0.108484 0.119200
1 0.116898 0.676467 0.022703 0.085573
5 0.868797 0.628333 0.071563 0.055067
8 0.593508 0.655000 0.149016 0.131067
1 0.375305 0.661667 0.013297 0.047120
1 0.060430 0.679653 0.011766 0.044267
8 0.026297 0.674467 0.049688 0.106267
