62 0.500172 0.563115 0.472687 0.845437
62 0.915812 0.726094 0.040031 0.145563
62 0.020367 0.695396 0.038703 0.109625
62 0.982586 0.720000 0.030266 0.139250
67 0.792867 0.694656 0.047484 0.040146
67 0.089961 0.701354 0.106703 0.094375
88 0.469594 0.622750 0.435813 0.567583
1 0.757062 0.706990 0.072250 0.214354
1 0.791844 0.620740 0.027437 0.062062
1 0.813750 0.615302 0.023625 0.051021
1 0.828195 0.712583 0.080828 0.222375
1 0.860609 0.620490 0.036562 0.087312
1 0.895609 0.659573 0.050781 0.147271
1 0.923953 0.620656 0.033937 0.077937
1 0.960359 0.676865 0.064687 0.173062
1 0.947141 0.627052 0.014813 0.072313
1 0.985609 0.605396 0.023250 0.049708
1 0.162680 0.622240 0.051422 0.074437
28 0.818922 0.485594 0.213719 0.205021
62 0.634320 0.707417 0.063547 0.118792
62 0.956281 0.724250 0.031219 0.111125
28 0.324180 0.483719 0.064734 0.053062
28 0.164516 0.536198 0.058844 0.173187
28 0.839102 0.325667 0.114641 0.115750
28 0.934727 0.463750 0.129172 0.082792
62 0.854703 0.743302 0.092094 0.162729
62 0.161180 0.697177 0.055703 0.114729
62 0.097664 0.699729 0.056109 0.119417
67 0.941508 0.668750 0.019047 0.016583
1 0.130031 0.589115 0.024000 0.068896
27 0.814484 0.784490 0.040375 0.065104
1 0.213281 0.581958 0.033531 0.062167
