62 0.932984 0.482974 0.130438 0.228852
62 0.029789 0.588934 0.059547 0.208267
62 0.940313 0.789930 0.119375 0.389274
62 0.849344 0.371780 0.039188 0.050164
67 0.188258 0.836909 0.373516 0.302482
1 0.508055 0.518607 0.846766 0.940913
1 0.202062 0.364614 0.168437 0.271194
1 0.788719 0.331311 0.104031 0.213770
1 0.737945 0.305867 0.093547 0.191686
1 0.023477 0.386171 0.046953 0.161803
46 0.402789 0.727295 0.100891 0.394356
46 0.263875 0.568536 0.089969 0.337073
46 0.940281 0.358009 0.029156 0.038970
49 0.099555 0.946276 0.199109 0.078267
62 0.119359 0.518372 0.062000 0.138103
62 0.040516 0.552564 0.049500 0.108407
62 0.991125 0.494438 0.017750 0.199602
62 0.855789 0.424578 0.028516 0.076417
1 0.802383 0.306405 0.026734 0.059696
51 0.021734 0.720023 0.043469 0.054941
67 0.043414 0.550679 0.086828 0.203607
67 0.926945 0.417916 0.143828 0.060422
67 0.070633 0.421792 0.014703 0.037119
1 0.619938 0.504297 0.580625 0.991405
