1 0.378070 0.540144 0.112078 0.628683
1 0.141102 0.545041 0.123141 0.650905
1 0.838742 0.571193 0.087953 0.639835
1 0.606039 0.681584 0.023047 0.151728
1 0.302609 0.643272 0.015344 0.122593
1 0.965641 0.734342 0.027094 0.110000
1 0.647164 0.707819 0.021422 0.113416
1 0.416648 0.640021 0.024328 0.224239
28 0.228406 0.579012 0.047500 0.223210
34 0.160328 0.191893 0.038594 0.112346
1 0.556078 0.668210 0.021031 0.174362
1 0.437500 0.646029 0.026469 0.207778
1 0.275906 0.639568 0.037125 0.229342
1 0.023859 0.635226 0.011750 0.240247
34 0.687711 0.620782 0.019422 0.029712
34 0.569219 0.565556 0.017375 0.024033
