60 0.772242 0.666858 0.025422 0.020605
60 0.771648 0.643883 0.023859 0.022088
60 0.788625 0.697641 0.023469 0.020585
60 0.731203 0.697035 0.027187 0.024509
60 0.704898 0.687808 0.023672 0.027349
60 0.722211 0.675835 0.023109 0.018894
60 0.759531 0.693215 0.028969 0.026138
60 0.742461 0.684154 0.017359 0.015741
60 0.481000 0.553894 0.034219 0.028956
60 0.386594 0.542526 0.029781 0.027307
60 0.586781 0.691451 0.028563 0.028079
60 0.802047 0.562056 0.029906 0.030793
60 0.705859 0.549050 0.028500 0.031628
60 0.658898 0.525449 0.017516 0.013069
60 0.597055 0.555825 0.032922 0.039248
60 0.863211 0.511326 0.028547 0.023111
60 0.821625 0.682672 0.025188 0.021086
60 0.828039 0.699081 0.025984 0.021921
60 0.052406 0.535480 0.024844 0.016096
