16 0.163953 0.650833 0.040875 0.134542
16 0.483320 0.627885 0.022359 0.027771
16 0.486594 0.699115 0.022781 0.031979
2 0.724891 0.637688 0.027531 0.157667
1 0.742336 0.546177 0.081609 0.270979
16 0.331414 0.497625 0.014391 0.017083
16 0.354656 0.463187 0.011687 0.011250
16 0.450484 0.502198 0.010219 0.017021
1 0.792172 0.419000 0.009094 0.013750
16 0.492234 0.469479 0.012719 0.016958
16 0.410250 0.465260 0.005562 0.011562
16 0.633703 0.497688 0.009156 0.011792
16 0.191812 0.469156 0.014781 0.012313
16 0.389102 0.506313 0.016234 0.019125
