44 0.449641 0.240042 0.134094 0.381917
67 0.500875 0.494375 0.998250 0.969542
47 0.621906 0.211240 0.155062 0.260688
48 0.122828 0.569094 0.207156 0.344604
48 0.822195 0.221938 0.209234 0.060042
49 0.197188 0.586958 0.300000 0.334833
49 0.802797 0.202073 0.228500 0.063812
1 0.868062 0.070750 0.263875 0.135333
1 0.942133 0.936708 0.114609 0.103375
47 0.233961 0.123292 0.137891 0.246583
54 0.416719 0.583271 0.211594 0.313167
54 0.678664 0.082167 0.121047 0.162333
54 0.056125 0.088125 0.112250 0.176250
44 0.382789 0.175323 0.056484 0.210396
44 0.569039 0.119604 0.099172 0.230917
47 0.631172 0.641562 0.272719 0.301292
