47 0.277920 0.472285 0.115120 0.168605
73 0.572290 0.497760 0.649700 0.840089
74 0.929660 0.695326 0.116560 0.154214
84 0.909950 0.439540 0.138180 0.077003
77 0.068490 0.747864 0.078940 0.086766
84 0.802950 0.373680 0.046860 0.040119
84 0.053310 0.075772 0.045540 0.118309
84 0.242210 0.193442 0.087740 0.356083
84 0.197550 0.252107 0.044900 0.464451
84 0.105560 0.076439 0.031040 0.117092
84 0.083800 0.082270 0.036280 0.122641
84 0.023880 0.076291 0.031400 0.116914
84 0.499240 0.046558 0.043920 0.074481
84 0.114300 0.333769 0.061240 0.292700
84 0.420820 0.053368 0.115240 0.077715
84 0.061080 0.450000 0.108840 0.272522
