16 0.671758 0.861297 0.058422 0.101085
16 0.189203 0.910354 0.063375 0.106038
16 0.284430 0.865059 0.106203 0.041014
16 0.355680 0.791934 0.055078 0.073774
16 0.795836 0.880307 0.031078 0.070330
16 0.132367 0.873443 0.069891 0.066132
16 0.399813 0.899575 0.057688 0.081509
21 0.341555 0.481026 0.369047 0.373608
21 0.640273 0.458868 0.245203 0.341981
16 0.617367 0.804599 0.052109 0.065896
16 0.137836 0.814528 0.062234 0.053679
16 0.120820 0.612665 0.043016 0.046698
16 0.136141 0.537972 0.021031 0.051698
16 0.145180 0.516851 0.021984 0.033892
16 0.190086 0.529505 0.031047 0.034764
16 0.287836 0.650920 0.055109 0.048868
16 0.776805 0.576167 0.032016 0.025637
16 0.870531 0.534517 0.019688 0.020259
1 0.337477 0.212736 0.027984 0.077406
1 0.875930 0.306757 0.018359 0.043892
1 0.823930 0.324528 0.033047 0.146085
16 0.153133 0.771014 0.026641 0.060660
31 0.862477 0.378679 0.018328 0.053302
51 0.509781 0.593561 0.074281 0.062925
1 0.892852 0.319528 0.017516 0.064717
1 0.677672 0.293573 0.015000 0.033184
1 0.634617 0.294941 0.011891 0.031250
1 0.622469 0.287665 0.015750 0.040519
1 0.880953 0.364281 0.026312 0.083986
1 0.855336 0.273113 0.013203 0.069057
1 0.844953 0.331014 0.038625 0.146981
31 0.831109 0.336050 0.023656 0.032146
51 0.592500 0.584387 0.079969 0.063113
1 0.665406 0.292146 0.017031 0.041038
16 0.118781 0.648514 0.046938 0.059057
