44 0.662172 0.400758 0.095468 0.209359
44 0.951957 0.514031 0.096086 0.311156
62 0.400918 0.341328 0.188839 0.139156
1 0.096199 0.064648 0.143933 0.124547
1 0.846161 0.323945 0.307678 0.384047
1 0.265740 0.194930 0.211330 0.344953
48 0.736910 0.830883 0.096217 0.165203
48 0.522753 0.725320 0.244157 0.050359
48 0.350047 0.562195 0.078071 0.039172
48 0.784457 0.743164 0.100412 0.081266
49 0.627528 0.844258 0.328577 0.058422
49 0.387434 0.622781 0.203895 0.013500
50 0.792416 0.763727 0.158689 0.078766
51 0.982472 0.203914 0.035056 0.013422
51 0.983193 0.186672 0.033614 0.030062
84 0.836255 0.919852 0.266629 0.137078
84 0.604419 0.668055 0.174270 0.060516
46 0.876461 0.691109 0.124981 0.202844
46 0.602500 0.561461 0.098371 0.171609
46 0.481564 0.547305 0.082603 0.150016
46 0.410468 0.474867 0.073633 0.117297
46 0.434766 0.405383 0.071030 0.052234
46 0.507172 0.436508 0.060449 0.075328
46 0.603876 0.401453 0.042959 0.059750
46 0.747594 0.297234 0.072940 0.103438
46 0.789981 0.477602 0.063483 0.072953
46 0.860515 0.456555 0.061966 0.023891
46 0.473380 0.452297 0.073202 0.066156
46 0.974719 0.799516 0.050562 0.253188
48 0.901199 0.572078 0.037678 0.009469
49 0.408464 0.638898 0.257978 0.031391
1 0.107734 0.269664 0.215468 0.332578
1 0.215459 0.679148 0.430918 0.641703
49 0.478165 0.725008 0.293708 0.043297
67 0.621096 0.713539 0.742828 0.541672
