62 0.274609 0.809885 0.139344 0.268646
62 0.120641 0.709563 0.101500 0.082167
62 0.419039 0.817073 0.137172 0.272896
1 0.474664 0.655406 0.152016 0.632896
1 0.691594 0.440750 0.204844 0.189625
1 0.758766 0.839750 0.200563 0.319625
1 0.890172 0.813917 0.219656 0.339333
73 0.703258 0.519729 0.107859 0.063750
73 0.641289 0.922479 0.156734 0.132583
75 0.606789 0.371719 0.016203 0.047271
1 0.956656 0.617990 0.086688 0.221854
1 0.154250 0.866052 0.308500 0.267896
44 0.485227 0.948438 0.037078 0.103125
44 0.533070 0.954208 0.032016 0.090208
77 0.771906 0.524719 0.018688 0.043771
