85 0.531898 0.123794 0.143578 0.217143
85 0.699422 0.360667 0.088469 0.146066
85 0.239930 0.063841 0.043078 0.065621
85 0.873164 0.117658 0.074641 0.123044
85 0.092750 0.596686 0.085750 0.133419
85 0.749203 0.060246 0.027469 0.050047
85 0.878984 0.465667 0.046844 0.079578
85 0.878969 0.840293 0.057094 0.092623
85 0.704141 0.969567 0.062781 0.059180
85 0.685531 0.692283 0.030125 0.039180
85 0.295289 0.358443 0.052078 0.074169
85 0.086766 0.447319 0.065812 0.096417
85 0.298641 0.686464 0.072781 0.096862
