64 0.826117 0.236454 0.121391 0.158013
47 0.422875 0.782395 0.072531 0.104582
47 0.313156 0.915471 0.080375 0.169059
47 0.699258 0.442207 0.035078 0.062657
50 0.192656 0.971527 0.079094 0.056736
50 0.667961 0.803096 0.179609 0.200795
51 0.696523 0.837071 0.245047 0.253933
81 0.607102 0.436496 0.128578 0.087050
49 0.167344 0.834090 0.032625 0.066172
48 0.246680 0.738128 0.126891 0.054958
49 0.672172 0.221266 0.014875 0.038766
79 0.883930 0.486674 0.232141 0.133975
1 0.379500 0.480282 0.435344 0.900941
