67 0.501461 0.798238 0.995734 0.376475
48 0.711797 0.707213 0.099500 0.049754
78 0.034125 0.173514 0.066219 0.081988
1 0.791625 0.346506 0.325563 0.676414
1 0.272727 0.233791 0.072953 0.223238
1 0.174773 0.467418 0.250172 0.489877
1 0.548180 0.180656 0.062984 0.159385
1 0.719758 0.208238 0.086141 0.174508
1 0.434906 0.187910 0.083094 0.146270
1 0.411125 0.408166 0.202937 0.404242
1 0.320039 0.379170 0.130578 0.483299
1 0.304688 0.163607 0.056563 0.183484
1 0.591148 0.363668 0.205609 0.543811
1 0.454922 0.115277 0.145406 0.194324
1 0.494555 0.278955 0.061016 0.220697
48 0.689914 0.706557 0.100891 0.068893
44 0.035414 0.396250 0.017984 0.077541
50 0.671828 0.720492 0.057156 0.049426
48 0.673836 0.708186 0.087422 0.068463
48 0.670883 0.717213 0.063828 0.050574
48 0.717203 0.716609 0.085844 0.040717
