18 0.903258 0.701805 0.188828 0.194547
18 0.903586 0.933406 0.183859 0.133187
18 0.501000 0.712773 0.195188 0.171422
18 0.904305 0.703516 0.185828 0.199313
18 0.298852 0.097172 0.039578 0.077219
18 0.674984 0.515977 0.117719 0.115609
18 0.693344 0.696000 0.130156 0.091656
44 0.056609 0.896836 0.020188 0.061234
1 0.156047 0.844672 0.087125 0.087125
65 0.698938 0.700695 0.194437 0.196234
18 0.891563 0.115000 0.082094 0.068687
37 0.691578 0.328141 0.007812 0.007938
47 0.029109 0.948430 0.047000 0.090703
65 0.901148 0.696969 0.197703 0.202188
65 0.305523 0.701313 0.196297 0.193875
65 0.101227 0.577547 0.192703 0.042094
65 0.899852 0.122000 0.192141 0.156531
18 0.762453 0.902820 0.077344 0.049297
18 0.683688 0.293125 0.047656 0.076125
65 0.169758 0.107586 0.059359 0.183703
67 0.056906 0.929469 0.106563 0.138313
18 0.871758 0.515102 0.044328 0.035203
18 0.518578 0.285609 0.035344 0.058469
18 0.506469 0.928555 0.162250 0.137203
