44 0.668359 0.380164 0.014219 0.051784
82 0.554008 0.412336 0.100828 0.335376
44 0.654750 0.388439 0.012344 0.041197
44 0.673898 0.375035 0.007641 0.051526
53 0.096703 0.507606 0.019281 0.024131
78 0.688047 0.217817 0.093656 0.140704
81 0.292547 0.425223 0.078625 0.025141
44 0.647055 0.387488 0.009234 0.044507
51 0.067641 0.483392 0.068094 0.052559
51 0.162305 0.483815 0.037641 0.022371
53 0.158016 0.477077 0.006875 0.008192
53 0.163297 0.469460 0.030781 0.026620
62 0.278023 0.765458 0.130828 0.319460
79 0.684977 0.518756 0.169453 0.323850
44 0.659750 0.373873 0.005500 0.063991
53 0.123547 0.491455 0.035313 0.018685
53 0.020016 0.510763 0.029844 0.036221
62 0.432227 0.733333 0.131391 0.293521
67 0.333672 0.475317 0.304281 0.098709
81 0.289766 0.430751 0.094219 0.034601
