4 0.401562 0.712981 0.078687 0.166213
4 0.428484 0.885105 0.321781 0.199540
1 0.332320 0.676402 0.050359 0.139331
1 0.664398 0.614916 0.044516 0.185858
1 0.632773 0.610324 0.038078 0.189728
1 0.604562 0.584425 0.030125 0.141820
4 0.474867 0.712803 0.059766 0.179414
4 0.543766 0.722584 0.061531 0.171318
4 0.956750 0.722029 0.086500 0.182636
4 0.594391 0.695272 0.047344 0.144812
1 0.776789 0.661192 0.036672 0.212971
1 0.778422 0.554121 0.032656 0.057908
1 0.810594 0.666726 0.044125 0.218808
1 0.790492 0.663138 0.020609 0.193180
1 0.579602 0.574759 0.029766 0.110230
