1 0.495867 0.618312 0.102516 0.191197
36 0.527852 0.679744 0.125141 0.120128
1 0.311586 0.628237 0.004922 0.009551
1 0.126078 0.693996 0.006375 0.015940
1 0.917992 0.740363 0.012328 0.012650
1 0.408562 0.609915 0.004000 0.008761
1 0.324969 0.625759 0.007500 0.013568
15 0.078273 0.624615 0.013922 0.005641
15 0.761687 0.656400 0.025875 0.019466
15 0.557555 0.624092 0.024109 0.014765
15 0.410891 0.611603 0.029812 0.036111
15 0.320180 0.638761 0.021672 0.011282
15 0.237633 0.642585 0.023422 0.013590
15 0.181094 0.645182 0.021375 0.012671
