39 0.455477 0.383271 0.080047 0.053042
1 0.326203 0.674094 0.136969 0.277562
1 0.508656 0.587812 0.185406 0.469625
1 0.400586 0.280219 0.053641 0.091104
1 0.721133 0.257927 0.086516 0.124521
1 0.986469 0.393219 0.022750 0.043229
1 0.875156 0.392458 0.061469 0.110625
1 0.864727 0.203906 0.087766 0.139396
1 0.208945 0.071844 0.055672 0.074854
1 0.843727 0.430771 0.060828 0.097542
1 0.371195 0.544479 0.087516 0.330375
1 0.776969 0.421917 0.087813 0.117917
40 0.410813 0.732344 0.050250 0.052813
39 0.892898 0.724271 0.009078 0.014208
1 0.141852 0.429365 0.079703 0.112021
