3 0.523762 0.721141 0.281203 0.081250
3 0.736380 0.691672 0.107146 0.038062
3 0.839811 0.697383 0.096557 0.040453
3 0.524375 0.684859 0.062901 0.031969
3 0.590696 0.675273 0.033137 0.019141
3 0.645047 0.688805 0.032500 0.027328
8 0.206828 0.686414 0.405920 0.165828
1 0.568219 0.683695 0.025684 0.038359
1 0.596014 0.704281 0.721840 0.083562
3 0.603373 0.669070 0.016415 0.010078
3 0.986922 0.689570 0.026156 0.015859
6 0.474870 0.658164 0.032995 0.025141
6 0.344127 0.660289 0.116604 0.055047
10 0.928042 0.617258 0.033915 0.040266
1 0.326415 0.673531 0.041132 0.025844
3 0.901474 0.709891 0.085590 0.053281
3 0.537724 0.657914 0.022288 0.009797
1 0.786651 0.685562 0.018349 0.028469
6 0.440920 0.660000 0.030566 0.019437
10 0.893149 0.563586 0.023939 0.035297
3 0.974764 0.710047 0.050472 0.054187
