57 0.634805 0.726375 0.107953 0.147583
57 0.898578 0.341698 0.094188 0.073604
57 0.625734 0.334948 0.087156 0.142229
57 0.494758 0.499552 0.150797 0.098062
57 0.375164 0.524135 0.159203 0.070229
57 0.508258 0.720115 0.148484 0.135021
57 0.759508 0.184208 0.103859 0.051500
57 0.593211 0.589385 0.099891 0.058854
57 0.508234 0.338823 0.077656 0.037646
57 0.444125 0.419552 0.093531 0.051771
1 0.954703 0.066771 0.090594 0.133542
44 0.531711 0.047063 0.046078 0.091167
56 0.172750 0.406740 0.197188 0.188771
56 0.178648 0.115729 0.084266 0.096625
56 0.112922 0.552438 0.091000 0.089875
56 0.343820 0.307865 0.087641 0.116854
56 0.042977 0.281646 0.082578 0.110125
56 0.172063 0.201375 0.241188 0.251167
56 0.412227 0.276292 0.086172 0.133417
56 0.267125 0.458083 0.113062 0.097792
56 0.051008 0.138750 0.061953 0.056292
56 0.084727 0.519656 0.159234 0.140687
57 0.669945 0.739333 0.096078 0.134833
57 0.762906 0.414271 0.071000 0.056167
57 0.669961 0.539604 0.074922 0.064917
