1 0.809848 0.379492 0.380304 0.346516
1 0.242646 0.399297 0.478126 0.481750
47 0.214578 0.560156 0.103864 0.132031
47 0.607763 0.542625 0.112155 0.137594
47 0.574215 0.525609 0.085199 0.113031
48 0.791569 0.639609 0.286230 0.070469
48 0.068443 0.959258 0.135948 0.080859
48 0.347658 0.570234 0.183138 0.017844
49 0.781440 0.629336 0.267002 0.037422
59 0.310855 0.683961 0.233091 0.076047
59 0.558864 0.899805 0.422506 0.200391
59 0.213044 0.707656 0.425902 0.147094
51 0.246991 0.890359 0.204052 0.106531
67 0.502201 0.722078 0.988852 0.519469
48 0.731522 0.540617 0.067775 0.033047
49 0.334754 0.571109 0.151194 0.006875
