64 0.435141 0.697208 0.112031 0.104167
62 0.658312 0.769958 0.109438 0.139292
62 0.860383 0.790760 0.082984 0.175604
62 0.541734 0.591052 0.038437 0.049688
62 0.710695 0.571385 0.099016 0.067104
62 0.389625 0.599562 0.035031 0.053000
62 0.653750 0.572292 0.060656 0.047167
28 0.522172 0.481896 0.152375 0.106125
28 0.783133 0.414292 0.193578 0.085000
1 0.964258 0.890708 0.071266 0.188250
62 0.744570 0.550854 0.043953 0.072958
64 0.511281 0.705052 0.049656 0.048229
64 0.538055 0.542063 0.043234 0.038000
64 0.400641 0.560865 0.024406 0.034021
67 0.818984 0.761385 0.041531 0.087563
67 0.222672 0.862521 0.061656 0.076417
62 0.766805 0.796760 0.104203 0.185062
62 0.779680 0.555396 0.036453 0.078000
62 0.494203 0.596333 0.041250 0.042500
62 0.259289 0.874740 0.027141 0.074146
62 0.253031 0.837188 0.015344 0.040000
64 0.596883 0.511052 0.039141 0.039229
64 0.653984 0.524500 0.045062 0.033875
64 0.728828 0.514250 0.041969 0.037750
64 0.647680 0.696406 0.046141 0.063687
64 0.753992 0.690229 0.055359 0.041833
64 0.488883 0.549156 0.028797 0.028063
64 0.375148 0.568063 0.017109 0.025292
