3 0.884359 0.184760 0.229382 0.294000
3 0.624537 0.160070 0.138242 0.229860
1 0.519097 0.516850 0.643183 0.930340
1 0.068017 0.185880 0.123397 0.241360
1 0.174988 0.174080 0.068171 0.224280
1 0.569264 0.130010 0.119857 0.154020
1 0.718361 0.197770 0.159810 0.345020
1 0.246853 0.159270 0.056936 0.186820
27 0.593005 0.117860 0.073088 0.060600
28 0.109050 0.057660 0.201853 0.115320
31 0.257732 0.155430 0.041876 0.074060
1 0.488112 0.139230 0.047625 0.068460
1 0.533017 0.146740 0.066746 0.114160
4 0.524988 0.573710 0.950024 0.852580
27 0.099347 0.145610 0.057838 0.077060
1 0.502637 0.092310 0.047506 0.083340
31 0.567458 0.155990 0.068029 0.109300
1 0.802791 0.156040 0.084014 0.262000
