1 0.715367 0.255056 0.278266 0.501138
1 0.808484 0.492596 0.381844 0.985192
31 0.678547 0.279279 0.079063 0.240994
31 0.892328 0.635457 0.215344 0.231298
28 0.551039 0.619103 0.519266 0.564038
28 0.212852 0.831763 0.375359 0.314551
31 0.826203 0.461611 0.052656 0.128702
28 0.036219 0.511779 0.072438 0.413526
28 0.162305 0.480152 0.148703 0.225433
28 0.390000 0.131170 0.121562 0.262340
28 0.317703 0.322308 0.113406 0.113782
28 0.152820 0.630825 0.245016 0.220208
28 0.181375 0.301963 0.117813 0.108157
28 0.529281 0.141554 0.116500 0.272724
28 0.310477 0.458662 0.126891 0.267869
28 0.150680 0.114287 0.113953 0.228574
28 0.273523 0.056747 0.056359 0.112340
28 0.213117 0.247853 0.108297 0.126122
