28 0.423269 0.366766 0.341162 0.090000
28 0.687733 0.421977 0.335421 0.082797
28 0.897768 0.317664 0.204465 0.115453
28 0.112312 0.422930 0.087904 0.027141
28 0.268656 0.419102 0.060820 0.016078
28 0.300866 0.448453 0.105057 0.049906
32 0.894556 0.529758 0.026515 0.112734
27 0.567107 0.539977 0.042415 0.148453
31 0.712563 0.555305 0.024806 0.049953
1 0.165103 0.525000 0.121731 0.221000
1 0.380216 0.604016 0.240661 0.417469
1 0.461788 0.590281 0.159795 0.406031
1 0.609886 0.622836 0.200729 0.441359
1 0.753212 0.571688 0.107882 0.229344
1 0.886367 0.606852 0.227267 0.394109
1 0.816834 0.473680 0.071435 0.038172
1 0.199351 0.440555 0.021572 0.018109
8 0.789442 0.396016 0.097198 0.032250
28 0.028485 0.457570 0.056970 0.067391
28 0.498907 0.430102 0.074487 0.029797
28 0.540866 0.406891 0.061822 0.024438
1 0.260023 0.430938 0.020729 0.013688
1 0.957107 0.580156 0.085786 0.403813
10 0.305945 0.403656 0.020683 0.011250
10 0.846082 0.199023 0.053212 0.050984
10 0.787187 0.233336 0.045672 0.036547
28 0.215911 0.423742 0.059021 0.013703
31 0.305000 0.599336 0.090410 0.065578
31 0.801948 0.552438 0.097927 0.170531
1 0.035421 0.502406 0.047517 0.082125
