64 0.889635 0.286484 0.220729 0.251375
72 0.527667 0.617258 0.247083 0.141922
62 0.562250 0.895203 0.224250 0.209594
74 0.790552 0.771313 0.069604 0.034500
76 0.592094 0.740703 0.283354 0.053687
44 0.413854 0.667188 0.053125 0.072469
44 0.430740 0.735383 0.038312 0.068141
47 0.402896 0.719914 0.051000 0.078141
84 0.492125 0.386992 0.014917 0.112797
84 0.316802 0.397117 0.019062 0.096734
84 0.348927 0.394695 0.017771 0.103516
84 0.284167 0.384539 0.030958 0.122609
84 0.652719 0.407539 0.018729 0.063234
84 0.591010 0.392602 0.022062 0.099922
84 0.360031 0.396563 0.006021 0.100437
84 0.333469 0.396008 0.019563 0.095641
84 0.299917 0.393289 0.015958 0.098578
84 0.608385 0.394523 0.016313 0.097641
84 0.419510 0.393805 0.018271 0.101047
84 0.752333 0.390508 0.052458 0.093547
87 0.751240 0.580430 0.024729 0.048047
87 0.722240 0.583141 0.024229 0.049469
1 0.198823 0.696484 0.046938 0.048406
1 0.532031 0.590977 0.026187 0.013984
1 0.166000 0.703016 0.062083 0.051156
84 0.393646 0.287422 0.011167 0.052625
