16 0.583742 0.083781 0.165828 0.161406
16 0.128367 0.741688 0.081078 0.142969
16 0.792984 0.224164 0.016844 0.012547
16 0.771133 0.215523 0.013453 0.009484
17 0.251648 0.749414 0.164516 0.158484
62 0.892984 0.728977 0.030531 0.057297
62 0.867234 0.723320 0.028500 0.057359
62 0.945969 0.758383 0.101688 0.133984
1 0.368992 0.928352 0.066297 0.091578
17 0.921523 0.587945 0.147078 0.153016
1 0.077008 0.251320 0.055609 0.133234
9 0.800273 0.142195 0.064734 0.048422
16 0.752531 0.207883 0.017688 0.010922
16 0.761703 0.215422 0.011375 0.010406
16 0.798805 0.271477 0.013234 0.012953
16 0.804680 0.254508 0.014453 0.011047
16 0.794500 0.249781 0.012906 0.012531
16 0.739820 0.275312 0.014672 0.009906
17 0.087125 0.452359 0.077000 0.066844
17 0.237148 0.405281 0.079703 0.079719
17 0.762672 0.421102 0.123594 0.154797
17 0.907211 0.416484 0.147766 0.161562
62 0.846703 0.728703 0.026875 0.058875
9 0.705359 0.965078 0.090312 0.037406
9 0.047336 0.543047 0.052828 0.075250
9 0.126961 0.546461 0.041766 0.064359
16 0.681414 0.278430 0.011828 0.010641
16 0.790891 0.243273 0.014125 0.007078
16 0.707484 0.273930 0.015625 0.011172
17 0.266680 0.581273 0.125391 0.110141
17 0.245141 0.256477 0.138781 0.143703
17 0.408937 0.252156 0.147625 0.156344
17 0.748336 0.588469 0.164109 0.153313
17 0.752047 0.752375 0.158562 0.163844
17 0.570203 0.750992 0.136500 0.164859
17 0.415578 0.584172 0.165594 0.164094
17 0.571617 0.582914 0.139484 0.162609
17 0.583711 0.417969 0.166203 0.163938
17 0.916961 0.253008 0.166078 0.163641
