1 0.591177 0.335461 0.817646 0.504484
1 0.166823 0.240500 0.083896 0.177687
1 0.049281 0.284266 0.098563 0.113719
44 0.130562 0.559375 0.195292 0.261156
46 0.120781 0.812937 0.241563 0.345875
47 0.359813 0.605172 0.150250 0.215781
47 0.119854 0.813477 0.233708 0.337078
54 0.709167 0.465344 0.425958 0.203688
62 0.202562 0.299633 0.123917 0.067484
62 0.073802 0.428867 0.147604 0.156609
67 0.499323 0.702586 0.998646 0.593859
46 0.366000 0.605945 0.150750 0.229516
51 0.707896 0.859695 0.584208 0.280609
54 0.769646 0.825680 0.460708 0.218359
