67 0.533898 0.641333 0.452359 0.544505
1 0.298500 0.721344 0.406438 0.557311
1 0.770680 0.681309 0.362578 0.617099
1 0.720562 0.362925 0.276906 0.420236
50 0.612352 0.419304 0.047266 0.106580
50 0.302734 0.646462 0.100750 0.046321
61 0.402641 0.493432 0.046500 0.063750
61 0.442070 0.700354 0.068672 0.067594
61 0.634250 0.688373 0.059031 0.086415
48 0.303086 0.642323 0.094922 0.048986
62 0.880523 0.925448 0.045984 0.149104
48 0.612273 0.422712 0.046453 0.107075
15 0.298555 0.779222 0.018922 0.083113
62 0.921937 0.289104 0.152844 0.236792
64 0.660086 0.107830 0.282359 0.210849
61 0.631492 0.497936 0.042328 0.058986
1 0.313914 0.361450 0.285016 0.526156
