21 0.431414 0.597294 0.431516 0.489129
21 0.259195 0.648388 0.258484 0.440871
3 0.119242 0.430106 0.235641 0.352682
3 0.075687 0.646247 0.145656 0.346235
3 0.849109 0.338953 0.289500 0.161812
4 0.735336 0.419435 0.134422 0.244047
4 0.568727 0.442706 0.117859 0.114871
4 0.674070 0.432400 0.056578 0.151012
4 0.607523 0.471424 0.169953 0.222800
1 0.880219 0.510482 0.126281 0.483224
1 0.509289 0.344318 0.052703 0.167553
1 0.305516 0.309071 0.042125 0.133718
8 0.714453 0.248071 0.438812 0.283812
1 0.368492 0.332306 0.041797 0.124235
3 0.204563 0.296035 0.051625 0.070329
3 0.161906 0.285000 0.069781 0.070894
28 0.611844 0.196071 0.208344 0.106353
1 0.587938 0.346976 0.045594 0.137341
1 0.445906 0.337059 0.044625 0.123671
4 0.801375 0.407976 0.109469 0.138965
