1 0.231203 0.383703 0.056594 0.194650
1 0.366414 0.376589 0.037922 0.079299
33 0.389273 0.891285 0.646203 0.217430
33 0.420055 0.540105 0.068391 0.183902
33 0.843828 0.906741 0.070625 0.164042
33 0.718031 0.803119 0.445813 0.388014
33 0.752156 0.571530 0.293063 0.159556
33 0.809266 0.495502 0.181844 0.056192
33 0.580086 0.530327 0.072141 0.148318
33 0.701281 0.409988 0.144281 0.080911
33 0.707602 0.348014 0.132516 0.066308
33 0.718969 0.291075 0.115781 0.080187
1 0.389937 0.365444 0.014563 0.067430
33 0.528461 0.391390 0.145984 0.061379
33 0.533023 0.457757 0.138109 0.073972
1 0.289711 0.376425 0.035391 0.149673
6 0.233273 0.375140 0.213891 0.123178
33 0.488562 0.535304 0.123125 0.081916
