3 0.675030 0.742490 0.231420 0.098740
3 0.065991 0.739020 0.130148 0.060560
3 0.479837 0.754930 0.090740 0.042740
10 0.706509 0.459160 0.070592 0.061120
10 0.890059 0.595920 0.055680 0.051680
10 0.228876 0.598040 0.051657 0.044280
1 0.812618 0.741040 0.042870 0.079000
1 0.842678 0.742270 0.027189 0.060980
1 0.878817 0.745070 0.055917 0.063620
3 0.927811 0.758330 0.093077 0.053860
3 0.162175 0.743150 0.081686 0.039740
1 0.266524 0.741470 0.029024 0.045460
3 0.219423 0.747800 0.019734 0.023440
10 0.868417 0.634080 0.035237 0.054760
