63 0.692180 0.809625 0.440047 0.351167
75 0.635609 0.814542 0.031906 0.036042
84 0.069945 0.641573 0.018547 0.078646
84 0.090695 0.431854 0.013578 0.065375
84 0.115227 0.429573 0.003891 0.062021
84 0.074945 0.352021 0.013234 0.068125
84 0.039859 0.347385 0.017813 0.083729
84 0.066031 0.538698 0.012000 0.089938
84 0.048516 0.552917 0.016188 0.083500
84 0.074703 0.536812 0.018094 0.085542
84 0.075875 0.544135 0.118313 0.124937
84 0.040508 0.442250 0.064328 0.080792
84 0.062352 0.729917 0.008766 0.067500
84 0.076695 0.434917 0.016766 0.067917
84 0.122734 0.426469 0.013000 0.062396
75 0.893773 0.793354 0.050141 0.044708
84 0.011250 0.345469 0.014094 0.086979
