2 0.944130 0.469787 0.064860 0.111787
2 0.057780 0.527093 0.044600 0.145013
3 0.127420 0.398933 0.203240 0.165600
1 0.718890 0.538787 0.253940 0.922427
1 0.456500 0.348293 0.030160 0.115520
1 0.552750 0.378907 0.065220 0.256747
1 0.509420 0.362133 0.034480 0.123467
1 0.486560 0.356000 0.024680 0.099520
77 0.694010 0.203293 0.026060 0.052827
1 0.236570 0.368787 0.041740 0.071707
15 0.247560 0.421747 0.047640 0.042747
15 0.159090 0.884840 0.318180 0.207067
31 0.548170 0.377493 0.044540 0.042240
33 0.985710 0.529000 0.028580 0.134640
1 0.866710 0.381493 0.077500 0.234293
1 0.429630 0.330387 0.016820 0.034480
31 0.858510 0.392413 0.020420 0.025680
