19 0.616396 0.598406 0.767208 0.775563
1 0.212198 0.570609 0.071896 0.106062
1 0.053396 0.562883 0.062167 0.081484
1 0.341396 0.565086 0.072583 0.062984
1 0.401938 0.559859 0.049167 0.075031
1 0.468875 0.545531 0.024125 0.022250
1 0.445458 0.552367 0.026958 0.039047
1 0.280646 0.545234 0.045458 0.039813
1 0.140156 0.561023 0.068812 0.084203
32 0.744250 0.157570 0.028875 0.018641
62 0.272115 0.593023 0.051646 0.060859
62 0.485448 0.588148 0.046938 0.053922
62 0.442792 0.582687 0.064125 0.039719
62 0.354729 0.583234 0.025292 0.038875
62 0.025052 0.582789 0.047562 0.044234
62 0.123010 0.592367 0.047562 0.062641
62 0.225177 0.606500 0.033229 0.031656
1 0.777490 0.321289 0.301312 0.566234
