1 0.214047 0.641573 0.343812 0.689896
1 0.315039 0.487958 0.056984 0.160333
1 0.663461 0.596240 0.083172 0.144396
1 0.352672 0.428708 0.028625 0.039500
52 0.512141 0.712760 0.054906 0.094854
52 0.569664 0.725490 0.071703 0.103188
52 0.895664 0.664740 0.068016 0.138521
52 0.843320 0.646729 0.015078 0.014667
52 0.792250 0.627948 0.102313 0.124812
52 0.040555 0.451333 0.039016 0.034292
52 0.957266 0.602438 0.030094 0.023083
52 0.789883 0.418365 0.018922 0.024562
52 0.886125 0.754271 0.020844 0.016917
52 0.941344 0.430375 0.034937 0.055208
1 0.371836 0.507417 0.062859 0.171583
52 0.552602 0.773948 0.086234 0.030479
52 0.921039 0.643562 0.048078 0.120167
62 0.739336 0.589823 0.077016 0.171229
1 0.455484 0.492698 0.029750 0.096979
52 0.908836 0.397667 0.040984 0.130375
