37 0.032523 0.587780 0.010547 0.013318
1 0.633359 0.698540 0.136594 0.179089
1 0.734242 0.375327 0.035984 0.083972
1 0.813930 0.380362 0.048953 0.098014
1 0.455453 0.334813 0.036844 0.066776
1 0.107844 0.283879 0.079812 0.157009
1 0.029258 0.279498 0.058453 0.140864
39 0.466719 0.474311 0.056688 0.067453
40 0.566445 0.658703 0.032797 0.039790
1 0.743547 0.658411 0.116688 0.233505
1 0.272961 0.158750 0.029078 0.062407
1 0.189992 0.259790 0.047141 0.158458
39 0.726484 0.395666 0.027062 0.096238
39 0.719555 0.395491 0.027328 0.092523
39 0.020813 0.328727 0.025062 0.034977
1 0.697719 0.217699 0.046000 0.038575
1 0.039336 0.277605 0.038766 0.090117
1 0.786930 0.219357 0.047266 0.070678
1 0.449234 0.619217 0.157000 0.270958
