1 0.500000 0.262000 1.000000 0.524000
1 0.061720 0.075430 0.088880 0.150860
1 0.134547 0.063650 0.089893 0.126700
1 0.868920 0.177530 0.257680 0.355060
59 0.550053 0.750110 0.504907 0.331180
1 0.057627 0.159300 0.114827 0.210360
1 0.088027 0.024270 0.052373 0.047940
1 0.788627 0.027680 0.066480 0.055360
59 0.341107 0.692170 0.370000 0.182820
67 0.500000 0.703830 1.000000 0.563060
67 0.043733 0.086840 0.070827 0.052760
67 0.104107 0.062340 0.050933 0.035640
1 0.595667 0.083120 0.131600 0.155840
67 0.629600 0.052720 0.048160 0.025880
1 0.698747 0.057080 0.154667 0.114160
