49 0.774438 0.352813 0.332031 0.260667
51 0.059750 0.160104 0.118031 0.219125
51 0.776641 0.777323 0.446719 0.445104
57 0.793336 0.838437 0.397984 0.292458
57 0.306289 0.251365 0.026609 0.033188
57 0.381227 0.205406 0.039422 0.065729
47 0.537641 0.130333 0.138187 0.233708
57 0.164609 0.302594 0.056500 0.090896
57 0.282836 0.229010 0.033641 0.026854
57 0.315555 0.228010 0.029141 0.028687
57 0.341148 0.252698 0.045391 0.031479
57 0.250297 0.256823 0.042281 0.042438
57 0.375242 0.252604 0.025016 0.032208
57 0.417969 0.234521 0.031938 0.040875
57 0.345680 0.215292 0.035016 0.047917
57 0.274492 0.268740 0.046641 0.056937
