1 0.247391 0.513478 0.398813 0.946066
50 0.794719 0.905960 0.055094 0.188080
50 0.616164 0.965082 0.037141 0.069836
51 0.505633 0.983911 0.156547 0.032178
78 0.831352 0.500000 0.337297 1.000000
49 0.622594 0.801733 0.016094 0.045574
49 0.662312 0.808173 0.020531 0.050117
49 0.627125 0.785152 0.015250 0.043044
50 0.842305 0.908009 0.031453 0.135222
49 0.657453 0.779157 0.020250 0.044450
49 0.567781 0.764977 0.013187 0.060445
49 0.631859 0.750222 0.038562 0.034731
81 0.043898 0.937037 0.083453 0.125925
