39 0.720570 0.688080 0.061797 0.190954
39 0.848195 0.257101 0.203047 0.140696
40 0.269656 0.600219 0.055844 0.092139
1 0.619281 0.554021 0.310312 0.612680
1 0.715242 0.554678 0.122609 0.462912
1 0.070844 0.396624 0.103531 0.128093
1 0.675953 0.173557 0.067531 0.158402
1 0.607680 0.152358 0.079891 0.162345
1 0.255328 0.350477 0.129656 0.207861
1 0.089859 0.364034 0.048562 0.100799
62 0.301172 0.248879 0.077875 0.063222
62 0.285461 0.213686 0.084141 0.070670
62 0.268430 0.216869 0.083828 0.157758
62 0.344828 0.162474 0.077375 0.055412
62 0.351875 0.203479 0.061156 0.048247
62 0.421742 0.160696 0.071484 0.041392
62 0.440242 0.227951 0.052734 0.078943
62 0.491016 0.160348 0.059406 0.049149
62 0.678133 0.249652 0.046109 0.042500
1 0.192961 0.634858 0.218016 0.452861
1 0.113758 0.611237 0.170297 0.494381
1 0.401094 0.217706 0.090625 0.111959
1 0.483648 0.229845 0.074516 0.089948
62 0.527789 0.225735 0.047422 0.074820
1 0.747352 0.109304 0.108984 0.165052
1 0.255094 0.098698 0.081875 0.197397
