1 0.340320 0.520445 0.154078 0.739906
1 0.739719 0.235820 0.030531 0.127658
1 0.827469 0.222119 0.020188 0.090796
1 0.373688 0.221311 0.024844 0.081920
1 0.354961 0.207963 0.015484 0.064965
42 0.545000 0.551686 0.664187 0.487635
42 0.567922 0.207084 0.083312 0.031827
42 0.013523 0.204251 0.027016 0.050281
1 0.543047 0.216194 0.006906 0.068220
1 0.416516 0.204965 0.008906 0.046464
1 0.614195 0.190527 0.009922 0.038525
1 0.569836 0.209918 0.028578 0.082646
1 0.025234 0.235703 0.021188 0.078431
1 0.425422 0.202600 0.008281 0.041358
1 0.452391 0.192752 0.004562 0.018852
1 0.462516 0.193361 0.005656 0.016979
