46 0.658141 0.241604 0.225719 0.478875
46 0.160117 0.198875 0.161797 0.339333
46 0.343055 0.130917 0.098078 0.261833
46 0.447117 0.106729 0.083641 0.213458
46 0.194641 0.168063 0.135063 0.321958
48 0.537156 0.350229 0.341219 0.072083
49 0.463484 0.485021 0.458437 0.071917
46 0.521852 0.048573 0.043859 0.097146
46 0.411492 0.088458 0.073391 0.172292
46 0.497648 0.079417 0.045891 0.124708
47 0.293727 0.238677 0.113453 0.203979
48 0.025500 0.145198 0.046219 0.101396
56 0.341273 0.635042 0.230359 0.189750
61 0.172750 0.468542 0.193812 0.137083
61 0.107836 0.426167 0.141828 0.090667
61 0.384641 0.166188 0.068437 0.050292
61 0.670727 0.638323 0.173203 0.234313
61 0.499648 0.834135 0.303391 0.216896
1 0.917969 0.598969 0.164062 0.627604
46 0.273094 0.152375 0.091031 0.304750
46 0.539445 0.059521 0.022641 0.063625
46 0.024055 0.098958 0.048109 0.194667
67 0.493828 0.493292 0.979875 0.986583
