1 0.307417 0.400563 0.093500 0.150906
27 0.555417 0.725531 0.278375 0.223750
27 0.414125 0.734336 0.184708 0.111359
1 0.121771 0.494969 0.104708 0.044875
1 0.198458 0.371109 0.041417 0.059969
1 0.225990 0.399852 0.041146 0.118672
1 0.257833 0.384797 0.038125 0.094031
33 0.626260 0.498484 0.137479 0.080781
33 0.225823 0.720398 0.154188 0.176891
1 0.782083 0.367805 0.022708 0.037891
1 0.112990 0.418023 0.074646 0.136953
1 0.610677 0.361969 0.036563 0.024563
27 0.923396 0.381703 0.153208 0.091031
33 0.625115 0.433766 0.135063 0.103906
33 0.213510 0.584625 0.157146 0.136875
33 0.383542 0.620156 0.179792 0.132375
33 0.492354 0.459273 0.138708 0.149453
33 0.081562 0.714375 0.162125 0.159625
33 0.673292 0.408445 0.190042 0.094672
33 0.651083 0.631172 0.117750 0.067531
33 0.883500 0.598367 0.229125 0.085922
33 0.722292 0.572305 0.121958 0.089891
33 0.585083 0.552398 0.254167 0.088922
1 0.283313 0.349164 0.026917 0.025547
33 0.737667 0.470125 0.110833 0.067531
