1 0.577664 0.403375 0.136516 0.577528
1 0.161938 0.271611 0.031938 0.142611
1 0.955719 0.306167 0.088563 0.253444
1 0.691437 0.344250 0.050562 0.155056
1 0.897508 0.317778 0.045484 0.142000
1 0.437570 0.242889 0.040609 0.166278
1 0.461664 0.251681 0.017484 0.076806
1 0.026109 0.214056 0.035844 0.146556
35 0.358383 0.869931 0.230984 0.207083
35 0.588969 0.678222 0.307063 0.160000
1 0.288625 0.224861 0.018875 0.063889
1 0.674734 0.246083 0.022687 0.087278
1 0.649305 0.248139 0.018047 0.061722
1 0.353883 0.670625 0.117828 0.485028
35 0.888430 0.385069 0.062984 0.021861
1 0.068797 0.225292 0.040281 0.153639
