44 0.084750 0.615664 0.081125 0.093609
62 0.924979 0.539773 0.149500 0.235266
67 0.504510 0.756773 0.990979 0.453734
67 0.815750 0.457844 0.261625 0.161219
67 0.112365 0.429563 0.224563 0.043969
1 0.420604 0.396445 0.741292 0.487141
1 0.818771 0.344328 0.188000 0.119656
1 0.932156 0.389914 0.134229 0.212609
1 0.686792 0.356250 0.116417 0.074594
47 0.848167 0.712492 0.173000 0.356172
47 0.052865 0.427727 0.034771 0.025078
47 0.086156 0.416289 0.026187 0.017328
47 0.829229 0.394227 0.027625 0.014109
51 0.397833 0.777344 0.793083 0.321969
56 0.231594 0.797383 0.152729 0.090203
47 0.075198 0.701383 0.137937 0.099547
56 0.262885 0.727031 0.093854 0.100219
62 0.167260 0.411180 0.119063 0.017047
62 0.711177 0.422398 0.040438 0.066578
1 0.611719 0.334391 0.078688 0.076500
1 0.199719 0.344453 0.089854 0.114094
1 0.255125 0.368734 0.099167 0.086125
1 0.251865 0.310445 0.034896 0.039703
1 0.236104 0.303031 0.017083 0.032031
51 0.837760 0.933922 0.233646 0.092719
51 0.874052 0.385211 0.070938 0.020516
51 0.054948 0.950258 0.065854 0.099484
47 0.774531 0.389383 0.026687 0.014672
62 0.105521 0.547695 0.194125 0.200516
62 0.699135 0.394000 0.048188 0.021813
