64 0.308906 0.566984 0.160682 0.145187
62 0.108494 0.698922 0.191059 0.189250
63 0.864329 0.760211 0.271341 0.290328
67 0.508624 0.833094 0.624918 0.220312
61 0.477918 0.746398 0.223506 0.167797
86 0.304988 0.614883 0.047247 0.036828
64 0.756624 0.626625 0.180447 0.100188
84 0.089329 0.530945 0.006141 0.040953
84 0.095153 0.523070 0.018871 0.059172
84 0.081000 0.455523 0.032306 0.040578
84 0.083129 0.534547 0.013365 0.034187
84 0.072706 0.528375 0.017506 0.043656
84 0.644353 0.532211 0.014541 0.043266
84 0.665318 0.532289 0.018306 0.040047
84 0.657212 0.532141 0.012635 0.041938
84 0.654894 0.471609 0.035529 0.032875
86 0.033600 0.518219 0.061976 0.062250
64 0.600365 0.622203 0.187647 0.106969
64 0.906494 0.503148 0.186400 0.279797
84 0.064565 0.530258 0.020471 0.040516
86 0.610741 0.531250 0.045200 0.041344
84 0.629647 0.532422 0.020141 0.040531
84 0.078565 0.529250 0.015482 0.043062
84 0.096612 0.456273 0.016141 0.039578
