37 0.473867 0.523759 0.062234 0.090468
1 0.502938 0.547073 0.264156 0.798407
1 0.862961 0.475960 0.053203 0.100398
1 0.793875 0.472342 0.076469 0.119110
1 0.656906 0.602178 0.068656 0.284403
1 0.246242 0.522108 0.055141 0.106651
1 0.943117 0.302799 0.054016 0.094028
1 0.351383 0.503583 0.067453 0.111475
3 0.209148 0.520855 0.228609 0.100164
1 0.583562 0.487412 0.037687 0.089859
1 0.398594 0.489262 0.052062 0.112389
1 0.178000 0.518829 0.070719 0.112600
1 0.057609 0.629063 0.094031 0.336347
1 0.718484 0.490117 0.084469 0.093536
15 0.785844 0.385480 0.074719 0.067026
