1 0.794664 0.610552 0.102797 0.417979
1 0.677203 0.071729 0.031000 0.059458
1 0.535117 0.193698 0.065734 0.191021
1 0.492773 0.033021 0.025078 0.036458
1 0.548562 0.048583 0.016969 0.032125
1 0.607234 0.048229 0.032500 0.067167
1 0.907805 0.257677 0.044141 0.188354
1 0.926742 0.130344 0.033922 0.075563
1 0.643570 0.671375 0.114797 0.251333
39 0.410586 0.662958 0.074578 0.064333
39 0.836641 0.292781 0.040031 0.084979
1 0.104633 0.039177 0.034797 0.063437
40 0.593836 0.695312 0.028516 0.048625
1 0.853406 0.063594 0.023750 0.045771
1 0.828484 0.107333 0.035469 0.066333
1 0.502828 0.580781 0.159406 0.291563
