44 0.324055 0.342875 0.018797 0.066500
44 0.452656 0.425198 0.086344 0.218437
1 0.659445 0.460312 0.453859 0.496042
1 0.886211 0.582844 0.225328 0.793729
1 0.163484 0.588917 0.310125 0.800000
46 0.402984 0.637948 0.043562 0.125188
46 0.601180 0.733042 0.058328 0.153000
46 0.799484 0.790146 0.056406 0.175208
47 0.532438 0.469854 0.031563 0.066667
44 0.349250 0.376437 0.017625 0.055708
86 0.354617 0.492271 0.045422 0.161542
67 0.524023 0.738958 0.642859 0.522083
51 0.366344 0.598969 0.077000 0.075271
