19 0.378898 0.575163 0.495547 0.768732
19 0.654758 0.546377 0.437734 0.787101
1 0.297508 0.206748 0.137609 0.359547
1 0.204664 0.280951 0.084391 0.228315
1 0.092711 0.507536 0.065641 0.154710
1 0.907109 0.493188 0.056781 0.152355
1 0.859391 0.472808 0.041719 0.094746
1 0.794805 0.503623 0.054766 0.083333
1 0.431852 0.196567 0.065734 0.106866
1 0.077492 0.555471 0.049828 0.057138
1 0.043109 0.542364 0.034500 0.083895
1 0.037555 0.501585 0.034703 0.069402
1 0.882563 0.601304 0.042656 0.084855
1 0.972023 0.474946 0.026016 0.098877
3 0.883711 0.424918 0.054547 0.027808
32 0.311961 0.113949 0.011391 0.040290
32 0.226133 0.239022 0.008828 0.012283
1 0.942133 0.475779 0.037859 0.072174
