63 0.688062 0.494398 0.623875 0.269578
85 0.154938 0.414844 0.081792 0.066875
62 0.127625 0.445945 0.201208 0.236484
84 0.705417 0.540500 0.032792 0.092906
84 0.758292 0.540375 0.020708 0.061937
84 0.635750 0.542414 0.028500 0.086578
84 0.731083 0.550883 0.021083 0.070828
84 0.524542 0.722609 0.116875 0.101406
84 0.719271 0.547625 0.020750 0.074000
84 0.744656 0.545563 0.018937 0.069062
84 0.652510 0.545047 0.028854 0.078250
47 0.476719 0.555781 0.042854 0.026594
84 0.675094 0.548000 0.033146 0.077438
