1 0.774234 0.473953 0.013625 0.057976
1 0.714211 0.609341 0.052078 0.133459
1 0.490320 0.930471 0.048453 0.097224
1 0.356711 0.912412 0.084141 0.166800
1 0.217125 0.896624 0.067156 0.112353
1 0.169836 0.908671 0.121422 0.169012
1 0.819086 0.632612 0.030703 0.096376
1 0.800445 0.812318 0.145328 0.346188
1 0.759641 0.470929 0.013844 0.057341
35 0.773266 0.502976 0.035313 0.005200
35 0.718133 0.678447 0.094641 0.031576
1 0.159477 0.711024 0.041141 0.127788
36 0.772922 0.502612 0.037000 0.006212
1 0.675234 0.866212 0.049500 0.078682
1 0.584875 0.906871 0.060031 0.126306
35 0.157539 0.767341 0.032203 0.019388
1 0.083211 0.947506 0.085078 0.104988
35 0.749266 0.498988 0.019719 0.004941
