51 0.643008 0.811268 0.296047 0.374621
55 0.265234 0.493697 0.527500 0.984265
57 0.660773 0.803424 0.267234 0.322583
57 0.663156 0.453164 0.292969 0.318886
57 0.689750 0.524716 0.327469 0.276398
57 0.729758 0.806742 0.271172 0.386517
57 0.961562 0.187844 0.076875 0.351896
57 0.929992 0.793282 0.140016 0.382536
57 0.617141 0.233709 0.078531 0.256185
57 0.737906 0.289882 0.091875 0.166303
57 0.675727 0.734194 0.244672 0.216919
57 0.862203 0.220569 0.066375 0.284123
57 0.939953 0.529431 0.103625 0.359810
51 0.660516 0.303637 0.236063 0.255711
51 0.875469 0.847405 0.117875 0.240924
51 0.606281 0.543910 0.235875 0.267251
51 0.859031 0.533175 0.271875 0.440095
51 0.856000 0.303472 0.101875 0.246374
57 0.965211 0.871043 0.059641 0.227393
57 0.907625 0.215995 0.044344 0.310000
