3 0.123031 0.729208 0.246062 0.303375
10 0.607812 0.446531 0.048031 0.025438
10 0.431164 0.439365 0.047859 0.025646
10 0.079953 0.422990 0.051781 0.027979
10 0.405711 0.594469 0.010016 0.031146
10 0.471688 0.540208 0.010656 0.015500
10 0.567828 0.594281 0.020219 0.038271
10 0.581516 0.542687 0.027250 0.018250
10 0.519281 0.585677 0.014156 0.008521
3 0.422711 0.691812 0.040578 0.042667
3 0.505234 0.685760 0.025562 0.029438
8 0.278602 0.685531 0.107109 0.062604
10 0.354828 0.583531 0.010344 0.015938
3 0.570656 0.682885 0.025469 0.030854
3 0.442656 0.691271 0.013469 0.042167
3 0.523859 0.688042 0.014125 0.018208
3 0.549789 0.691510 0.013859 0.013021
8 0.524023 0.687240 0.013609 0.019188
10 0.517641 0.618156 0.007000 0.010396
10 0.253016 0.626542 0.013219 0.012458
10 0.279391 0.530677 0.033156 0.019271
10 0.826180 0.596729 0.009484 0.022708
10 0.494031 0.584323 0.009750 0.013312
3 0.544281 0.688365 0.012531 0.014979
