62 0.452805 0.082887 0.337516 0.165774
62 0.888508 0.253368 0.222984 0.506736
67 0.502531 0.542333 0.994938 0.891653
47 0.162406 0.179540 0.128188 0.151423
47 0.838977 0.659090 0.254547 0.269059
48 0.241602 0.819477 0.101891 0.357448
49 0.130070 0.676402 0.260141 0.071925
49 0.299031 0.814048 0.094563 0.349435
50 0.918016 0.780408 0.163969 0.103619
50 0.221266 0.244937 0.053312 0.107573
51 0.860086 0.420533 0.130984 0.135000
59 0.501156 0.375063 0.396094 0.321799
48 0.123742 0.651715 0.218859 0.234770
