28 0.186703 0.202521 0.104375 0.094750
28 0.127297 0.167990 0.110312 0.087229
3 0.837602 0.293010 0.174109 0.123438
3 0.708594 0.291615 0.089719 0.076313
1 0.573891 0.519417 0.246594 0.957417
1 0.147883 0.330167 0.078922 0.271125
1 0.297141 0.321708 0.068906 0.288500
1 0.364344 0.301750 0.034156 0.150542
1 0.035922 0.384229 0.069531 0.434292
1 0.068445 0.319438 0.040172 0.155042
1 0.419180 0.313510 0.063828 0.179979
1 0.380656 0.289833 0.025031 0.125875
1 0.391219 0.260573 0.014313 0.048354
1 0.461898 0.251812 0.011734 0.024458
3 0.936977 0.276677 0.126047 0.102313
3 0.734453 0.247729 0.053812 0.043208
3 0.661539 0.271073 0.035891 0.045979
31 0.307898 0.301396 0.049734 0.095292
31 0.698937 0.715865 0.116875 0.278396
31 0.180688 0.308385 0.033406 0.113562
31 0.437445 0.273969 0.027172 0.057604
31 0.396078 0.276000 0.018844 0.060667
31 0.112508 0.325781 0.031266 0.039354
31 0.453852 0.275979 0.016766 0.039917
32 0.553117 0.229188 0.054078 0.045833
33 0.053180 0.489969 0.099703 0.139396
33 0.695305 0.719354 0.107703 0.269083
1 0.110141 0.324292 0.044625 0.187167
10 0.322102 0.161854 0.022141 0.026458
31 0.087461 0.303896 0.012984 0.039083
1 0.204305 0.344531 0.061578 0.271063
1 0.251906 0.309573 0.051750 0.215479
