70 0.546414 0.594042 0.283547 0.384000
70 0.739000 0.259031 0.096500 0.171562
70 0.963516 0.191625 0.072969 0.159917
3 0.813461 0.079958 0.135422 0.111542
62 0.144641 0.120667 0.041406 0.087958
62 0.072438 0.129427 0.049750 0.079854
70 0.020055 0.407906 0.040109 0.216229
1 0.067969 0.099917 0.048812 0.134167
1 0.728930 0.093260 0.106172 0.182021
1 0.128125 0.097010 0.055437 0.116604
1 0.301086 0.053271 0.040734 0.105708
70 0.189266 0.350646 0.117969 0.187667
70 0.375602 0.261448 0.247422 0.209604
