44 0.078000 0.646639 0.026500 0.096042
44 0.672047 0.452705 0.013250 0.031780
44 0.969078 0.280340 0.021031 0.039555
2 0.285633 0.731756 0.568391 0.510726
1 0.337062 0.560656 0.269844 0.773911
1 0.783203 0.344731 0.057469 0.125761
44 0.698391 0.459485 0.009656 0.029696
52 0.716141 0.451019 0.028313 0.026253
52 0.686609 0.450878 0.017813 0.023302
67 0.680875 0.473782 0.201406 0.095667
1 0.907891 0.345398 0.072344 0.258290
1 0.859977 0.407705 0.046516 0.290539
1 0.598859 0.407541 0.052344 0.154098
1 0.636672 0.402822 0.040719 0.086581
1 0.836984 0.566838 0.068937 0.257611
1 0.792289 0.553501 0.049984 0.225785
1 0.954680 0.462963 0.090641 0.565410
1 0.939086 0.386710 0.061953 0.298103
31 0.571156 0.465504 0.041375 0.119813
47 0.680711 0.485609 0.009391 0.018150
47 0.684664 0.474918 0.006141 0.014239
47 0.698000 0.483864 0.009000 0.016066
47 0.704758 0.478642 0.006703 0.014286
1 0.526289 0.394344 0.094453 0.324895
1 0.892484 0.541370 0.064469 0.279321
