1 0.203547 0.872250 0.060875 0.229417
1 0.325266 0.857344 0.057406 0.195521
1 0.461781 0.860083 0.031156 0.157667
27 0.761750 0.896917 0.077312 0.159958
1 0.129039 0.815333 0.061766 0.170583
1 0.190227 0.804281 0.032172 0.097813
38 0.542508 0.589948 0.193422 0.292813
38 0.069500 0.051813 0.139000 0.102792
38 0.060141 0.280656 0.120281 0.186313
38 0.390398 0.515490 0.086828 0.101062
38 0.459625 0.488104 0.066344 0.134250
38 0.211797 0.625104 0.083875 0.148500
38 0.229383 0.534948 0.115203 0.128229
38 0.263602 0.456396 0.047078 0.032167
38 0.107164 0.687146 0.089109 0.113667
38 0.315477 0.555708 0.140328 0.171083
38 0.846430 0.382552 0.307141 0.727021
1 0.425852 0.834771 0.060016 0.222542
1 0.885820 0.826906 0.047422 0.141271
1 0.596531 0.780427 0.033406 0.087229
1 0.566125 0.765063 0.040719 0.064875
1 0.541375 0.789635 0.039156 0.136646
38 0.026695 0.566760 0.053391 0.197729
1 0.061906 0.873167 0.123375 0.243333
1 0.168102 0.848771 0.039359 0.208833
1 0.275586 0.850844 0.046391 0.209563
38 0.123477 0.509510 0.090953 0.069062
