62 0.336516 0.380074 0.117781 0.244617
62 0.068766 0.397851 0.137531 0.243191
43 0.466734 0.624011 0.039375 0.211596
1 0.595750 0.579777 0.257437 0.768532
1 0.362242 0.149447 0.143578 0.235957
1 0.090352 0.176266 0.123547 0.209936
1 0.806984 0.566287 0.191437 0.768532
1 0.093820 0.151968 0.187641 0.231681
1 0.453039 0.392649 0.191453 0.649936
28 0.207938 0.020043 0.412563 0.040085
43 0.829680 0.419064 0.110828 0.264426
62 0.195672 0.325787 0.143406 0.126426
1 0.428070 0.027362 0.086891 0.054723
1 0.552516 0.108596 0.102594 0.217191
1 0.045102 0.064383 0.087109 0.047447
1 0.323734 0.056915 0.106062 0.060000
1 0.928422 0.038000 0.108688 0.075106
