2 0.546773 0.325764 0.048703 0.049083
2 0.797937 0.362722 0.042344 0.043833
41 0.744914 0.610250 0.062891 0.063611
1 0.750563 0.477708 0.166437 0.360694
1 0.919375 0.362944 0.022094 0.126833
1 0.936484 0.362708 0.025000 0.121917
1 0.971695 0.545986 0.056609 0.514250
1 0.381359 0.337389 0.056125 0.169833
1 0.712531 0.305681 0.018531 0.058583
1 0.550719 0.289653 0.036031 0.082750
1 0.416445 0.342847 0.046766 0.187806
1 0.293547 0.288722 0.021688 0.136389
1 0.793969 0.332000 0.017719 0.107389
1 0.904062 0.355819 0.015969 0.120028
15 0.135289 0.323722 0.080328 0.082167
41 0.391086 0.431292 0.041359 0.022639
1 0.218328 0.262389 0.016594 0.035833
2 0.579063 0.320694 0.020031 0.094611
1 0.137586 0.253000 0.023172 0.049333
15 0.450727 0.311028 0.028672 0.055833
15 0.045117 0.326000 0.089453 0.105444
28 0.247203 0.195403 0.109062 0.031694
28 0.357664 0.215611 0.082953 0.052944
