55 0.783668 0.424133 0.231400 0.151734
55 0.852856 0.535336 0.148871 0.054859
55 0.639831 0.519898 0.049233 0.022734
55 0.620542 0.383047 0.061445 0.047219
55 0.703758 0.260875 0.037133 0.029750
55 0.433905 0.435719 0.039323 0.024406
55 0.543352 0.303109 0.053115 0.040438
55 0.691546 0.223742 0.044041 0.030484
55 0.324142 0.531961 0.044763 0.032359
55 0.256840 0.527117 0.049842 0.032422
55 0.320023 0.451570 0.037562 0.030203
55 0.606930 0.502578 0.056027 0.041719
55 0.855372 0.563734 0.148578 0.107781
