3 0.200906 0.942693 0.200906 0.092131
3 0.162688 0.870070 0.076313 0.091194
10 0.608719 0.196628 0.146937 0.388759
10 0.528070 0.187447 0.086766 0.367728
10 0.292922 0.483806 0.010969 0.036042
10 0.156484 0.364286 0.013437 0.017705
1 0.737961 0.975398 0.025484 0.044941
1 0.241469 0.855000 0.030000 0.113700
6 0.034344 0.831066 0.068031 0.179415
1 0.539062 0.870761 0.016531 0.074403
3 0.093727 0.858829 0.065234 0.093583
6 0.305586 0.777775 0.084016 0.083934
10 0.721547 0.796288 0.191094 0.264192
10 0.485422 0.844953 0.020813 0.041850
10 0.472156 0.754227 0.017188 0.071639
3 0.338312 0.887834 0.045344 0.084801
3 0.094570 0.803337 0.041297 0.022740
1 0.310109 0.910504 0.041625 0.176979
