44 0.959890 0.642987 0.031060 0.097571
44 0.667710 0.605328 0.012220 0.039365
62 0.794950 0.895503 0.243180 0.208337
46 0.938560 0.670438 0.039800 0.055055
78 0.823750 0.524661 0.094380 0.073567
81 0.715700 0.740372 0.143080 0.044726
44 0.986730 0.644836 0.026540 0.096630
48 0.584490 0.815460 0.041540 0.032319
48 0.596760 0.813775 0.047240 0.036521
50 0.563480 0.585635 0.016320 0.024836
50 0.548090 0.579967 0.014540 0.041160
46 0.985000 0.673217 0.030000 0.056236
51 0.602990 0.237352 0.019660 0.016937
51 0.455760 0.215088 0.028040 0.014201
51 0.716870 0.254584 0.030300 0.023523
79 0.558380 0.692298 0.350760 0.117243
84 0.508820 0.952418 0.014360 0.095164
84 0.532720 0.961214 0.024440 0.077571
44 0.663260 0.583140 0.007400 0.032144
79 0.823280 0.525492 0.084000 0.062188
