4 0.509992 0.487648 0.949016 0.970784
4 0.822633 0.447078 0.354734 0.438717
1 0.544242 0.207399 0.117984 0.289240
1 0.317078 0.210487 0.081969 0.251378
1 0.048781 0.295511 0.094594 0.505606
1 0.211344 0.274941 0.022375 0.091686
1 0.851234 0.261354 0.121812 0.165321
1 0.597266 0.196116 0.039188 0.168195
1 0.921859 0.238800 0.075469 0.237838
1 0.382375 0.261544 0.058000 0.116390
1 0.422422 0.233397 0.045250 0.238955
1 0.465312 0.219038 0.066281 0.265392
1 0.255156 0.269525 0.030031 0.136200
1 0.126688 0.268622 0.078094 0.340095
1 0.139070 0.251710 0.086672 0.356770
