67 0.322611 0.857625 0.638525 0.253375
1 0.823525 0.472109 0.352951 0.314875
1 0.222646 0.527773 0.308056 0.419734
1 0.352037 0.443813 0.140141 0.127656
1 0.443314 0.501797 0.064801 0.049781
46 0.459602 0.697633 0.207307 0.296516
47 0.781487 0.772523 0.131639 0.268016
47 0.681803 0.786586 0.076909 0.143109
49 0.660304 0.935984 0.112881 0.128031
49 0.742295 0.936102 0.139110 0.127797
67 0.431030 0.617055 0.526183 0.240766
67 0.652693 0.595555 0.228009 0.157141
1 0.380761 0.500984 0.244614 0.120750
79 0.742752 0.482758 0.118337 0.052297
