3 0.247646 0.766734 0.178958 0.083250
3 0.633156 0.758898 0.079604 0.054078
3 0.115417 0.742781 0.091208 0.040656
3 0.034781 0.707289 0.031938 0.015516
3 0.065437 0.713898 0.035833 0.019266
10 0.400000 0.449437 0.134833 0.233719
10 0.515500 0.472102 0.104292 0.152016
3 0.577698 0.738320 0.026313 0.019016
3 0.167573 0.744742 0.029813 0.030453
1 0.478323 0.823992 0.041854 0.190578
1 0.746198 0.771805 0.024854 0.057516
1 0.690875 0.770312 0.029625 0.053500
1 0.773094 0.755445 0.017188 0.033391
1 0.720000 0.772461 0.021625 0.049359
