34 0.429494 0.147609 0.119176 0.021937
1 0.440565 0.598313 0.164988 0.614625
1 0.643412 0.713063 0.318071 0.435719
1 0.277494 0.730633 0.162424 0.283734
1 0.745024 0.793555 0.082376 0.111516
1 0.014141 0.826484 0.028000 0.073906
1 0.855800 0.816906 0.101012 0.082812
1 0.555153 0.827414 0.100424 0.069578
1 0.635953 0.711812 0.075624 0.115500
1 0.219776 0.825391 0.069671 0.078656
3 0.058094 0.789094 0.113506 0.029219
1 0.160224 0.775687 0.092118 0.118469
27 0.950647 0.833086 0.084588 0.050984
1 0.352918 0.818555 0.036329 0.104328
