22 0.440758 0.826499 0.139422 0.145035
22 0.284375 0.840785 0.120719 0.118806
22 0.128187 0.831464 0.142437 0.148314
22 0.206883 0.852213 0.026547 0.090234
3 0.591016 0.751007 0.034531 0.031522
6 0.583023 0.754742 0.023484 0.027471
22 0.032266 0.842951 0.064531 0.117237
22 0.053625 0.766311 0.032594 0.031077
24 0.010609 0.753817 0.021219 0.026183
24 0.943562 0.768197 0.016250 0.020749
24 0.918328 0.767974 0.020594 0.019087
24 0.898687 0.766218 0.018156 0.021007
24 0.328406 0.774672 0.036812 0.044754
24 0.858586 0.766288 0.013984 0.015621
24 0.801812 0.759450 0.011031 0.016979
