1 0.640133 0.509012 0.272203 0.981976
51 0.349648 0.529741 0.136641 0.110729
59 0.315148 0.841812 0.375172 0.223153
79 0.273836 0.700000 0.547672 0.564047
81 0.821734 0.502612 0.136844 0.061176
59 0.387242 0.658424 0.264141 0.139341
81 0.917383 0.513753 0.083453 0.040447
58 0.356711 0.844976 0.022391 0.045906
58 0.400609 0.668094 0.044219 0.052659
58 0.445250 0.614318 0.015813 0.025294
58 0.346250 0.634529 0.021906 0.027553
58 0.320062 0.651271 0.020063 0.024753
58 0.277461 0.742553 0.025297 0.034847
58 0.466484 0.537035 0.083625 0.056800
58 0.335086 0.785965 0.021734 0.031412
58 0.391773 0.753094 0.020359 0.034612
58 0.472289 0.642424 0.016953 0.028376
58 0.377477 0.602894 0.019922 0.024329
58 0.369180 0.641259 0.029359 0.034800
58 0.318992 0.808435 0.078766 0.063741
58 0.405969 0.630259 0.016063 0.025224
