3 0.511531 0.668344 0.614719 0.662979
4 0.065734 0.650562 0.128094 0.451667
1 0.338008 0.303063 0.174891 0.437208
1 0.201563 0.466635 0.075344 0.327646
1 0.415922 0.208813 0.090969 0.259208
1 0.504687 0.217177 0.097406 0.258437
1 0.590367 0.240854 0.161391 0.355083
1 0.905062 0.602250 0.074156 0.260667
1 0.978094 0.534167 0.043812 0.432833
1 0.021352 0.349844 0.041078 0.162354
1 0.059266 0.384031 0.034687 0.153688
1 0.379352 0.475000 0.192328 0.160583
1 0.572336 0.461365 0.120453 0.109396
1 0.842555 0.629240 0.064172 0.169021
4 0.124586 0.563781 0.085297 0.137187
