1 0.962930 0.906667 0.013940 0.046907
1 0.919970 0.919565 0.009060 0.022853
1 0.768100 0.912432 0.009800 0.034414
1 0.743150 0.909700 0.007420 0.033333
9 0.685060 0.946757 0.033320 0.013634
1 0.428960 0.909204 0.008040 0.023093
1 0.285030 0.916787 0.008060 0.033874
1 0.642230 0.911742 0.008940 0.023604
9 0.657610 0.890465 0.024180 0.011141
38 0.806840 0.483258 0.045400 0.113604
38 0.673300 0.420090 0.034840 0.089489
38 0.512340 0.290225 0.040920 0.068679
38 0.562360 0.701201 0.024960 0.080901
1 0.567440 0.916006 0.007720 0.022342
1 0.704650 0.913844 0.010380 0.034715
1 0.039580 0.954550 0.065760 0.090901
1 0.307450 0.915150 0.006660 0.028919
38 0.841590 0.124354 0.066580 0.135616
38 0.248130 0.633393 0.031820 0.048529
38 0.124510 0.773183 0.017740 0.041982
38 0.150430 0.762117 0.013740 0.025736
38 0.288320 0.704625 0.024760 0.056757
38 0.518080 0.780120 0.015880 0.029970
28 0.417560 0.899880 0.012600 0.065526
28 0.271610 0.880781 0.012260 0.055255
28 0.500530 0.903859 0.021180 0.019730
1 0.817290 0.921742 0.011900 0.048709
38 0.108940 0.798468 0.015000 0.036937
1 0.759480 0.912492 0.007840 0.031892
