16 0.525866 0.245261 0.345621 0.420294
16 0.677010 0.915139 0.015490 0.020114
16 0.787034 0.853627 0.019624 0.012712
9 0.158840 0.838023 0.317680 0.261732
9 0.386838 0.628660 0.395082 0.257582
9 0.183145 0.565735 0.348317 0.303366
9 0.927761 0.750000 0.144477 0.327320
16 0.478652 0.976405 0.062925 0.024706
16 0.744395 0.914477 0.027549 0.018105
16 0.609902 0.937655 0.026438 0.020801
1 0.675098 0.935000 0.018660 0.027778
16 0.698431 0.859175 0.026569 0.014886
16 0.506225 0.923113 0.036176 0.019559
16 0.624722 0.829216 0.017974 0.008987
16 0.585065 0.860441 0.027778 0.016405
16 0.653448 0.848039 0.020948 0.015000
16 0.609199 0.877239 0.032092 0.020000
16 0.411544 0.917092 0.030605 0.017647
