54 0.600367 0.507469 0.044703 0.030854
62 0.072484 0.794135 0.144969 0.372146
62 0.269633 0.611542 0.080016 0.190625
62 0.305703 0.520635 0.073031 0.132438
62 0.907164 0.842031 0.072547 0.315938
62 0.874633 0.652865 0.067109 0.214146
62 0.837633 0.498448 0.053766 0.165563
47 0.338586 0.774417 0.042609 0.111458
47 0.577633 0.618833 0.042047 0.116583
76 0.347492 0.295167 0.030922 0.006917
1 0.359633 0.603292 0.179016 0.268042
1 0.426180 0.498708 0.119891 0.183042
1 0.472391 0.439375 0.124875 0.174250
1 0.466719 0.389896 0.065812 0.155708
1 0.655156 0.361917 0.074219 0.100208
1 0.720789 0.752833 0.340453 0.494333
1 0.431820 0.807063 0.434109 0.382875
1 0.683250 0.586229 0.148187 0.279750
47 0.522875 0.610677 0.030156 0.070896
47 0.542188 0.514990 0.021750 0.054562
47 0.634195 0.473885 0.009609 0.032063
47 0.588938 0.459250 0.020656 0.050750
47 0.662664 0.427083 0.013578 0.022417
47 0.644289 0.465573 0.018391 0.045521
47 0.563977 0.735125 0.038391 0.085542
47 0.663906 0.408240 0.015500 0.019146
62 0.808141 0.456198 0.035313 0.140687
67 0.624734 0.341281 0.117875 0.048521
67 0.805305 0.353448 0.107141 0.047979
67 0.882328 0.452146 0.057156 0.128042
1 0.183359 0.747719 0.289094 0.504563
1 0.558750 0.419990 0.077906 0.115813
1 0.542047 0.353375 0.062906 0.121833
47 0.504445 0.567708 0.025547 0.069333
62 0.848156 0.547063 0.062062 0.179292
62 0.682875 0.374083 0.052844 0.078250
62 0.375164 0.430615 0.021766 0.032938
1 0.732031 0.365854 0.051969 0.062542
47 0.608469 0.432583 0.014406 0.042333
47 0.620914 0.530302 0.026141 0.048646
62 0.604688 0.304885 0.035500 0.040479
62 0.503000 0.395917 0.030187 0.092208
67 0.496859 0.679187 0.416125 0.561708
