1 0.227273 0.629133 0.269984 0.741733
1 0.075867 0.641745 0.151734 0.253934
1 0.823102 0.500000 0.353797 0.851663
75 0.403961 0.546382 0.058984 0.041288
1 0.377172 0.658782 0.147250 0.603607
1 0.624977 0.666874 0.190391 0.625316
63 0.907813 0.806733 0.184375 0.359555
63 0.065250 0.820176 0.129656 0.127939
75 0.294523 0.475714 0.052672 0.026651
75 0.640367 0.478806 0.042547 0.062951
75 0.582234 0.453981 0.097844 0.077752
75 0.834766 0.441827 0.028594 0.037143
75 0.371937 0.559895 0.016625 0.024286
63 0.496352 0.768689 0.129016 0.292319
