19 0.583586 0.635563 0.146641 0.284250
1 0.477992 0.488604 0.076672 0.235000
1 0.500625 0.417958 0.024906 0.047667
15 0.073578 0.835323 0.146313 0.256479
1 0.324781 0.542312 0.036750 0.146958
1 0.134883 0.509719 0.042453 0.116062
1 0.278383 0.529573 0.026266 0.099396
1 0.441180 0.438760 0.055984 0.095438
31 0.721461 0.594406 0.034109 0.088563
64 0.884250 0.520177 0.231500 0.434979
64 0.704375 0.571083 0.084406 0.182292
1 0.546914 0.455063 0.082578 0.173042
1 0.733727 0.585562 0.069984 0.113333
1 0.426672 0.442854 0.039656 0.075875
1 0.777820 0.582937 0.036016 0.120917
1 0.384023 0.544781 0.028328 0.142187
15 0.736469 0.642698 0.075594 0.028646
