44 0.280898 0.455885 0.009484 0.049188
1 0.890094 0.622167 0.203500 0.341000
1 0.086320 0.494458 0.072422 0.167833
1 0.034648 0.456042 0.064984 0.160542
47 0.247180 0.541396 0.008703 0.031750
50 0.183484 0.650333 0.046938 0.021375
79 0.353383 0.645469 0.153234 0.140396
44 0.329680 0.467010 0.009922 0.045896
44 0.315945 0.460448 0.012891 0.048313
44 0.306781 0.469177 0.005437 0.026062
44 0.291906 0.452083 0.013938 0.046667
51 0.748789 0.509281 0.059203 0.031813
51 0.737992 0.482646 0.055109 0.030750
79 0.486805 0.655302 0.228516 0.174604
47 0.236187 0.542729 0.012937 0.029542
47 0.292914 0.547729 0.013547 0.038000
47 0.259937 0.542167 0.009281 0.029625
47 0.265789 0.541896 0.008172 0.026625
47 0.277523 0.539708 0.008766 0.028250
47 0.325750 0.557260 0.016938 0.041271
47 0.357250 0.563375 0.017656 0.030792
47 0.236844 0.523979 0.009781 0.011417
47 0.253813 0.540521 0.006594 0.034125
47 0.284125 0.546177 0.008812 0.037479
44 0.322719 0.462354 0.007219 0.042500
44 0.302219 0.449667 0.008063 0.053708
47 0.342242 0.560406 0.017047 0.040896
51 0.567797 0.801979 0.167938 0.151375
47 0.309797 0.550406 0.017375 0.038271
