1 0.279719 0.197376 0.075313 0.211253
1 0.817117 0.095940 0.022703 0.083838
1 0.011891 0.115496 0.015031 0.041227
1 0.079969 0.110796 0.016094 0.033342
1 0.093227 0.115953 0.013859 0.040313
33 0.688750 0.847885 0.202125 0.267990
33 0.843344 0.885248 0.162219 0.227467
1 0.878789 0.079164 0.018266 0.048094
33 0.911180 0.738016 0.177641 0.161044
33 0.837813 0.547272 0.161656 0.244151
33 0.146891 0.837663 0.166313 0.293499
33 0.405523 0.772206 0.178797 0.358512
33 0.336586 0.831527 0.138016 0.292820
33 0.237047 0.819478 0.166313 0.298695
33 0.477914 0.686110 0.153578 0.356136
33 0.126039 0.648146 0.166047 0.142454
33 0.784188 0.572728 0.181875 0.236371
33 0.779086 0.307663 0.083422 0.138355
1 0.598281 0.368512 0.181625 0.681149
33 0.298438 0.515587 0.052844 0.148042
