2 0.683500 0.496507 0.045480 0.058080
2 0.273120 0.753133 0.087120 0.246533
3 0.177850 0.492053 0.192580 0.201813
3 0.370820 0.486653 0.096280 0.132507
3 0.519940 0.451680 0.085960 0.053920
3 0.420370 0.477333 0.068260 0.105493
3 0.729030 0.415120 0.045260 0.042240
3 0.491690 0.425133 0.048900 0.041947
3 0.025720 0.461280 0.051440 0.096000
10 0.553650 0.191160 0.042140 0.179760
10 0.496630 0.174547 0.040540 0.135120
10 0.410790 0.167787 0.045900 0.136053
27 0.722690 0.615680 0.119860 0.219893
27 0.565040 0.739787 0.084720 0.143147
1 0.367380 0.758973 0.143800 0.482053
1 0.290390 0.586120 0.097380 0.350853
1 0.780970 0.465987 0.051980 0.137467
1 0.476230 0.548680 0.077020 0.214213
1 0.744120 0.707400 0.210200 0.576240
1 0.589890 0.782027 0.151700 0.413493
1 0.060680 0.606360 0.097760 0.408987
1 0.980390 0.491373 0.039220 0.079600
1 0.683740 0.450320 0.045760 0.135093
2 0.474610 0.623840 0.075180 0.156533
10 0.345300 0.191920 0.033880 0.116747
14 0.427400 0.410120 0.024040 0.085200
1 0.209920 0.445387 0.024040 0.038773
1 0.353260 0.458000 0.018400 0.024533
2 0.057750 0.763907 0.104620 0.245627
2 0.981410 0.483973 0.037180 0.099200
3 0.841890 0.417240 0.015100 0.017573
10 0.500270 0.308933 0.052060 0.068533
3 0.569260 0.429707 0.059040 0.031467
3 0.806540 0.427907 0.017920 0.026960
3 0.057810 0.410800 0.115620 0.051200
