43 0.639380 0.787229 0.350640 0.393253
1 0.318570 0.547184 0.625220 0.905633
1 0.893040 0.365166 0.153680 0.253946
1 0.628030 0.383343 0.112940 0.242108
1 0.111910 0.325663 0.094500 0.255000
1 0.349580 0.195708 0.137960 0.238645
1 0.785340 0.233193 0.171200 0.367711
1 0.688570 0.092937 0.132500 0.172620
1 0.051590 0.483630 0.102220 0.398645
1 0.060150 0.199187 0.112220 0.263735
1 0.243260 0.300783 0.087880 0.227349
1 0.817750 0.334744 0.115260 0.228404
1 0.751540 0.379669 0.129160 0.228916
1 0.036060 0.112952 0.072120 0.223072
