6 0.400734 0.347881 0.256688 0.402459
6 0.757133 0.369110 0.485734 0.710117
1 0.299195 0.582857 0.098578 0.561077
1 0.178016 0.600035 0.122656 0.540351
1 0.622227 0.532752 0.100578 0.409766
1 0.881984 0.562939 0.142906 0.381991
1 0.974953 0.555726 0.050094 0.361663
1 0.048719 0.405117 0.012562 0.050843
1 0.068203 0.406604 0.014813 0.052740
1 0.079906 0.406230 0.012750 0.053115
1 0.116102 0.436019 0.051109 0.210211
1 0.222898 0.416639 0.054047 0.193513
6 0.266203 0.336347 0.099187 0.299672
6 0.124602 0.348770 0.047922 0.067190
6 0.196281 0.323080 0.033437 0.107892
6 0.158508 0.344368 0.036203 0.065035
1 0.517320 0.534040 0.071109 0.452951
