28 0.244344 0.089426 0.313500 0.114635
28 0.770500 0.293914 0.338500 0.380856
28 0.571187 0.256420 0.074094 0.087244
28 0.376406 0.188977 0.066750 0.046514
28 0.966781 0.274635 0.066438 0.042505
28 0.851031 0.248883 0.161469 0.029207
1 0.310445 0.652046 0.536609 0.277119
1 0.833852 0.680898 0.332297 0.116868
1 0.499570 0.257453 0.092859 0.248142
1 0.889133 0.435418 0.188422 0.176430
1 0.526430 0.539322 0.396922 0.121357
1 0.291672 0.191336 0.055906 0.108559
1 0.240563 0.201002 0.052125 0.118747
1 0.051367 0.187871 0.049797 0.270271
31 0.681141 0.504708 0.049969 0.039770
62 0.202320 0.291618 0.039984 0.118852
1 0.299609 0.341858 0.190000 0.124134
1 0.671930 0.305814 0.048859 0.161608
1 0.577031 0.295814 0.016250 0.033215
62 0.656172 0.439520 0.170500 0.186305
62 0.990750 0.346430 0.018500 0.066764
62 0.837070 0.471555 0.100141 0.091795
62 0.543289 0.324781 0.055141 0.080543
62 0.420570 0.342902 0.085078 0.137328
62 0.974258 0.338528 0.045203 0.053883
62 0.908711 0.334656 0.046172 0.048768
62 0.906531 0.307839 0.021063 0.030251
62 0.338398 0.356023 0.127141 0.116722
