44 0.236422 0.490734 0.011969 0.056807
72 0.624906 0.397494 0.099781 0.096434
49 0.281336 0.466294 0.018359 0.030210
49 0.266008 0.453333 0.017766 0.031142
50 0.727430 0.163916 0.045328 0.176224
51 0.301680 0.595991 0.040984 0.022564
51 0.301016 0.631014 0.041000 0.026270
52 0.511445 0.556981 0.038266 0.035921
78 0.114742 0.638508 0.226453 0.686946
79 0.117234 0.840804 0.222438 0.282494
49 0.272469 0.452506 0.019437 0.030326
49 0.274547 0.463205 0.018063 0.028788
51 0.299484 0.603147 0.043688 0.019767
44 0.246922 0.489172 0.011281 0.061562
51 0.301383 0.619254 0.039109 0.017063
50 0.774664 0.183089 0.067797 0.186270
50 0.869930 0.181888 0.101391 0.236457
