63 0.193687 0.415698 0.380906 0.220646
47 0.822758 0.709927 0.102234 0.140938
47 0.302773 0.489750 0.035859 0.062042
49 0.218906 0.546458 0.166125 0.051500
50 0.619320 0.899635 0.156516 0.099562
50 0.961867 0.606292 0.076266 0.048042
51 0.578484 0.930771 0.149750 0.138458
81 0.257016 0.916854 0.450000 0.125833
47 0.497008 0.437573 0.030703 0.048979
47 0.527680 0.443292 0.032891 0.062167
47 0.207516 0.262302 0.067562 0.160438
47 0.153523 0.326875 0.065297 0.135000
47 0.101320 0.332604 0.062266 0.127833
47 0.872305 0.667010 0.060047 0.131937
47 0.654813 0.533219 0.055594 0.091938
81 0.729234 0.893062 0.194969 0.177375
44 0.818750 0.480010 0.061687 0.171354
47 0.429883 0.448750 0.032109 0.055125
47 0.337539 0.488781 0.032516 0.065021
47 0.718828 0.494812 0.062344 0.054542
49 0.489070 0.914594 0.044734 0.079729
44 0.245328 0.639229 0.106844 0.262292
47 0.729664 0.744885 0.110797 0.150854
