28 0.011602 0.390749 0.023203 0.038454
28 0.123156 0.388466 0.023156 0.021616
3 0.445680 0.540281 0.084391 0.101639
3 0.312609 0.556932 0.080937 0.084543
3 0.306141 0.487740 0.050375 0.054215
10 0.923188 0.338056 0.033656 0.078970
1 0.495656 0.761581 0.198437 0.473653
1 0.673375 0.673888 0.071031 0.349602
1 0.157906 0.580234 0.032000 0.093443
1 0.270773 0.587717 0.058516 0.091967
1 0.239453 0.560129 0.059594 0.076230
41 0.716867 0.771393 0.039984 0.138852
3 0.480938 0.441745 0.028719 0.038337
3 0.730320 0.457002 0.038922 0.038735
3 0.896984 0.594415 0.206031 0.115855
3 0.422023 0.442951 0.026703 0.029368
1 0.091633 0.483080 0.017703 0.073653
1 0.319398 0.582588 0.057047 0.122412
1 0.116172 0.480094 0.014219 0.081311
3 0.691359 0.441944 0.020344 0.025152
3 0.709508 0.446452 0.016828 0.028876
3 0.728836 0.432623 0.025422 0.015738
10 0.381383 0.102108 0.027484 0.124262
10 0.473672 0.376066 0.007562 0.008759
10 0.539000 0.367494 0.007219 0.032459
10 0.452000 0.389836 0.007312 0.007307
10 0.440703 0.393150 0.005312 0.009297
10 0.431453 0.394005 0.004250 0.008806
10 0.568773 0.364309 0.009266 0.033255
10 0.756445 0.338735 0.008734 0.028197
10 0.647703 0.365281 0.007750 0.011265
31 0.038578 0.521393 0.007781 0.028080
64 0.614422 0.460457 0.156938 0.256745
64 0.524352 0.512775 0.092547 0.141007
1 0.027352 0.531429 0.026203 0.107541
3 0.956945 0.495211 0.062078 0.062787
3 0.299133 0.522775 0.058078 0.040398
41 0.471914 0.980386 0.152266 0.039227
1 0.128266 0.488595 0.012469 0.078173
3 0.311969 0.460480 0.042594 0.028361
10 0.500055 0.394391 0.007453 0.022974
10 0.411687 0.391710 0.006500 0.013630
