72 0.889328 0.370781 0.221344 0.314604
63 0.264992 0.467021 0.093141 0.098500
62 0.528227 0.548531 0.162891 0.215063
1 0.391008 0.716854 0.289891 0.561792
1 0.122188 0.502250 0.244375 0.995500
1 0.761805 0.808990 0.438203 0.355063
73 0.818023 0.585698 0.193828 0.155354
84 0.974117 0.668490 0.013672 0.064938
84 0.962836 0.665458 0.008766 0.059958
51 0.225758 0.661573 0.014859 0.015187
64 0.640352 0.330135 0.045484 0.065187
84 0.966531 0.735375 0.011500 0.068125
84 0.771633 0.596073 0.012359 0.050562
1 0.254484 0.605281 0.095250 0.193521
74 0.948094 0.846354 0.024094 0.030125
74 0.885547 0.892969 0.035437 0.024604
62 0.532250 0.822583 0.090781 0.354833
84 0.957633 0.664375 0.013953 0.065667
63 0.267219 0.557740 0.085469 0.111896
