1 0.609273 0.514604 0.433141 0.930333
1 0.322875 0.429365 0.161437 0.482062
1 0.169430 0.457594 0.127172 0.560396
39 0.502297 0.158177 0.027250 0.223146
1 0.820305 0.313562 0.057297 0.117333
1 0.078367 0.702250 0.156734 0.465167
1 0.747102 0.429812 0.103953 0.336167
3 0.895055 0.353187 0.154109 0.169000
40 0.120336 0.623271 0.080391 0.110583
39 0.734766 0.555125 0.065094 0.152208
39 0.704992 0.325281 0.117422 0.096604
1 0.810266 0.415250 0.124625 0.289042
1 0.486984 0.448313 0.094594 0.447333
1 0.467820 0.413479 0.131391 0.481208
3 0.382109 0.338458 0.083437 0.132667
3 0.945914 0.314563 0.085266 0.093208
15 0.930867 0.472677 0.137328 0.013312
27 0.271648 0.606573 0.047828 0.082896
