73 0.396062 0.291010 0.222469 0.146063
84 0.311656 0.679063 0.309125 0.204958
84 0.718750 0.320948 0.234813 0.159896
84 0.448906 0.545198 0.228938 0.204354
84 0.695984 0.361344 0.269875 0.252479
84 0.187258 0.323729 0.122016 0.067708
84 0.697891 0.544948 0.268344 0.088688
65 0.470453 0.489615 0.730531 0.979229
84 0.353836 0.521729 0.044984 0.133667
84 0.176336 0.423333 0.113453 0.067625
84 0.167328 0.462573 0.105344 0.075938
84 0.166039 0.365229 0.087266 0.059667
84 0.159664 0.491021 0.087609 0.069167
