64 0.236030 0.356813 0.153940 0.320613
72 0.926290 0.759787 0.129900 0.459787
63 0.585840 0.645067 0.457080 0.257493
1 0.561110 0.621187 0.188020 0.594373
1 0.706870 0.631747 0.162860 0.298320
1 0.844870 0.659480 0.242820 0.397787
1 0.187920 0.659547 0.163480 0.649440
1 0.467060 0.578453 0.094320 0.196640
1 0.060810 0.690320 0.121620 0.468480
75 0.146450 0.734667 0.021940 0.043787
75 0.477840 0.384373 0.032800 0.050773
84 0.398230 0.680320 0.049100 0.028427
1 0.249830 0.784373 0.064980 0.144373
63 0.205880 0.627653 0.276440 0.234240
73 0.349460 0.795667 0.100000 0.055493
62 0.073220 0.930880 0.146440 0.138240
1 0.248390 0.587053 0.028780 0.050213
84 0.446170 0.708200 0.071740 0.024773
