44 0.104844 0.750812 0.087344 0.373750
44 0.334313 0.558510 0.040719 0.146021
44 0.535664 0.522240 0.031484 0.185896
44 0.570859 0.550115 0.030687 0.127146
44 0.558109 0.536448 0.014813 0.122271
44 0.476625 0.513615 0.027500 0.078646
44 0.612641 0.499115 0.018406 0.062021
62 0.046578 0.586875 0.093156 0.234958
67 0.321305 0.805583 0.632547 0.366875
1 0.793078 0.786031 0.407094 0.405396
1 0.213203 0.470094 0.298312 0.379771
1 0.693156 0.507990 0.230250 0.296187
1 0.396242 0.438062 0.144641 0.210583
47 0.424961 0.820427 0.076203 0.163479
47 0.402336 0.684615 0.051984 0.099937
51 0.296906 0.684771 0.161406 0.120792
1 0.836234 0.548156 0.262625 0.382437
1 0.317750 0.413979 0.116906 0.228333
1 0.664453 0.951135 0.238937 0.097729
47 0.162086 0.783042 0.033891 0.139333
47 0.433344 0.580896 0.027406 0.025458
47 0.538523 0.582250 0.027984 0.053167
51 0.447508 0.629188 0.126891 0.081042
77 0.485508 0.675500 0.062453 0.019458
1 0.562922 0.448323 0.148313 0.182021
50 0.311852 0.466104 0.053922 0.015792
50 0.456758 0.569146 0.038266 0.037125
47 0.437281 0.550365 0.024188 0.033604
47 0.514812 0.530052 0.011375 0.035979
62 0.467695 0.475094 0.053484 0.060854
