72 0.826992 0.219588 0.194422 0.220635
63 0.308578 0.548541 0.578219 0.442400
63 0.653133 0.754306 0.693734 0.467671
44 0.195148 0.250894 0.015516 0.071718
64 0.350414 0.626482 0.083453 0.102188
84 0.159242 0.339965 0.018609 0.062188
84 0.299156 0.260859 0.043281 0.040635
86 0.880938 0.362882 0.035094 0.036824
86 0.285531 0.029329 0.022906 0.057718
86 0.345398 0.654953 0.040078 0.054800
44 0.721070 0.329953 0.017641 0.057082
44 0.048609 0.262329 0.015563 0.067718
84 0.121617 0.032541 0.025391 0.061929
84 0.029781 0.364000 0.049156 0.010400
