37 0.607234 0.431732 0.037500 0.036693
1 0.641367 0.558542 0.178672 0.268339
1 0.602820 0.824193 0.016172 0.053715
1 0.586563 0.821685 0.020063 0.044248
1 0.874383 0.824498 0.017984 0.023511
1 0.511180 0.816685 0.024891 0.063276
1 0.473047 0.819444 0.023719 0.071834
1 0.028586 0.786857 0.057172 0.066379
1 0.436547 0.818370 0.034531 0.074451
1 0.388312 0.794154 0.031375 0.030063
1 0.356672 0.792359 0.036187 0.030329
1 0.053477 0.737030 0.012172 0.016787
1 0.075711 0.712406 0.016359 0.015219
1 0.130344 0.739303 0.018281 0.022053
