1 0.177445 0.590542 0.028766 0.048113
1 0.577953 0.966061 0.063281 0.066462
1 0.241992 0.626203 0.026891 0.053113
1 0.262984 0.633149 0.033563 0.062995
1 0.283773 0.649623 0.030609 0.061179
1 0.419906 0.765613 0.039500 0.101887
1 0.359266 0.694175 0.043438 0.078349
1 0.398500 0.725578 0.036937 0.093986
1 0.510484 0.906085 0.053156 0.102830
1 0.486000 0.884835 0.042812 0.115613
1 0.471625 0.828703 0.052000 0.109858
1 0.435258 0.783125 0.032703 0.107995
1 0.453516 0.819858 0.030344 0.088962
7 0.295117 0.780083 0.414703 0.412995
