1 0.415450 0.685400 0.298300 0.606747
1 0.165220 0.445480 0.126520 0.233733
1 0.110140 0.435267 0.097560 0.247493
1 0.044660 0.406373 0.089320 0.148320
1 0.281470 0.388480 0.095460 0.146613
1 0.949410 0.323733 0.071820 0.097173
1 0.946350 0.538200 0.106180 0.312347
1 0.197190 0.622467 0.232580 0.458427
1 0.459360 0.444520 0.097760 0.287600
44 0.606570 0.608053 0.029420 0.132853
47 0.617340 0.676547 0.033800 0.065040
47 0.800990 0.560800 0.025860 0.050667
47 0.273120 0.487120 0.021280 0.035680
47 0.913160 0.364493 0.017240 0.047493
73 0.550340 0.606973 0.096160 0.140933
73 0.305040 0.504240 0.101640 0.116800
73 0.258000 0.453600 0.036160 0.087040
73 0.513610 0.418760 0.074340 0.078747
73 0.792160 0.381787 0.081320 0.048587
73 0.703260 0.570920 0.138320 0.146320
85 0.664130 0.048827 0.032900 0.057067
1 0.746270 0.335867 0.079780 0.122293
62 0.071110 0.615587 0.126620 0.259760
62 0.875000 0.849187 0.250000 0.301627
62 0.592520 0.393507 0.069760 0.050693
62 0.318510 0.849347 0.317540 0.275333
62 0.878660 0.414667 0.071520 0.153067
62 0.695520 0.384800 0.021280 0.039733
62 0.517750 0.379467 0.044420 0.010773
62 0.119210 0.578253 0.066060 0.118693
73 0.057590 0.467147 0.038540 0.047840
73 0.975610 0.345840 0.048780 0.046720
73 0.897050 0.540960 0.095100 0.108907
73 0.712380 0.396920 0.074960 0.046480
73 0.320630 0.450693 0.067140 0.061547
62 0.819430 0.446013 0.071740 0.178960
62 0.373080 0.426267 0.010440 0.034933
62 0.939040 0.681587 0.112760 0.072453
62 0.196230 0.652280 0.054820 0.071600
