62 0.677352 0.596145 0.101953 0.152243
62 0.493430 0.589311 0.083234 0.128435
73 0.338797 0.724428 0.216812 0.243855
78 0.616898 0.411484 0.046172 0.048388
78 0.707750 0.398236 0.066219 0.062453
84 0.094047 0.813435 0.027250 0.115140
62 0.867555 0.534357 0.041359 0.204463
62 0.935805 0.573376 0.128391 0.190210
67 0.921312 0.573820 0.155156 0.159182
82 0.706016 0.403949 0.066031 0.051449
86 0.554508 0.795082 0.122266 0.163341
84 0.413281 0.806694 0.089750 0.116519
84 0.132164 0.798914 0.018453 0.107407
84 0.137141 0.789451 0.030812 0.098855
84 0.156688 0.775853 0.039250 0.105724
84 0.065109 0.826051 0.044062 0.127243
84 0.466664 0.886192 0.068828 0.061916
84 0.752477 0.831414 0.177016 0.118855
84 0.021344 0.867991 0.016469 0.115935
84 0.038859 0.840339 0.038500 0.123014
84 0.084867 0.819030 0.030359 0.117547
84 0.040898 0.692033 0.081797 0.046121
84 0.759305 0.871869 0.192766 0.126449
