3 0.312875 0.775948 0.048313 0.049229
3 0.397703 0.765708 0.025906 0.028375
3 0.331648 0.763292 0.035953 0.033292
1 0.726570 0.822427 0.054453 0.097021
1 0.682539 0.782510 0.030609 0.038854
1 0.648891 0.785156 0.025406 0.044896
1 0.356187 0.787073 0.037781 0.056688
4 0.687328 0.826208 0.029531 0.078083
4 0.744078 0.880396 0.046281 0.102333
4 0.080336 0.929750 0.138953 0.140500
85 0.496352 0.400177 0.043141 0.053312
3 0.348961 0.759198 0.026328 0.038354
8 0.783320 0.785427 0.106266 0.161938
27 0.058906 0.888156 0.093844 0.121104
1 0.282125 0.779823 0.020344 0.060896
4 0.265055 0.842385 0.047359 0.072521
3 0.670734 0.784323 0.078031 0.069146
3 0.093648 0.810542 0.049859 0.045042
3 0.370047 0.763500 0.019062 0.039458
4 0.360961 0.817417 0.041641 0.023375
1 0.417773 0.754365 0.015234 0.029937
1 0.267000 0.810198 0.037281 0.095479
1 0.072898 0.889365 0.118078 0.202979
