3 0.949344 0.264840 0.058188 0.040320
3 0.586445 0.280357 0.048328 0.045197
3 0.988609 0.273818 0.020969 0.023547
3 0.838234 0.267414 0.048469 0.040443
3 0.679359 0.273781 0.057937 0.028153
1 0.353328 0.622180 0.243375 0.578744
1 0.894109 0.420961 0.091094 0.139704
1 0.892906 0.312463 0.030562 0.133448
1 0.609484 0.312562 0.023781 0.031182
1 0.918172 0.309101 0.035656 0.132833
1 0.662555 0.306466 0.023953 0.043621
15 0.628875 0.359433 0.148531 0.070493
39 0.245133 0.607094 0.180578 0.087488
27 0.924109 0.303929 0.015906 0.036970
67 0.629578 0.339421 0.146375 0.034360
37 0.595414 0.515628 0.035641 0.037956
3 0.571961 0.272057 0.028828 0.038300
3 0.872953 0.272143 0.028094 0.023300
