19 0.582398 0.509333 0.293641 0.378750
1 0.513203 0.563365 0.082594 0.422479
1 0.210812 0.543240 0.045594 0.308396
1 0.387727 0.583271 0.075578 0.270458
1 0.608828 0.593812 0.078844 0.343083
1 0.776062 0.620177 0.122750 0.448437
1 0.913039 0.563542 0.085609 0.327667
1 0.969859 0.581094 0.060281 0.340896
1 0.922086 0.715240 0.155828 0.327354
1 0.055133 0.543260 0.052078 0.262271
37 0.336523 0.657542 0.024797 0.031875
37 0.114852 0.688448 0.017984 0.022229
1 0.459820 0.544490 0.050109 0.247562
1 0.409477 0.539094 0.061172 0.284271
1 0.826852 0.488740 0.079391 0.268021
27 0.402484 0.483125 0.043781 0.085417
31 0.713672 0.685177 0.032906 0.085187
1 0.285156 0.490896 0.085938 0.119792
