1 0.518031 0.669820 0.132812 0.313934
1 0.207328 0.297784 0.020719 0.055402
1 0.165414 0.292576 0.026609 0.060665
1 0.563289 0.311219 0.010797 0.049086
1 0.442906 0.296011 0.011719 0.038615
1 0.341016 0.288324 0.012000 0.038920
1 0.514102 0.306233 0.007391 0.015623
1 0.495203 0.302839 0.010281 0.025900
1 0.476945 0.317438 0.014078 0.059030
1 0.454805 0.311053 0.011922 0.042604
1 0.533000 0.304695 0.005844 0.025291
1 0.846023 0.360789 0.006891 0.046898
1 0.550742 0.300152 0.006984 0.015208
35 0.567500 0.823033 0.297781 0.095374
