32 0.472716 0.758984 0.200306 0.249437
1 0.562855 0.554867 0.869331 0.890266
84 0.187201 0.411258 0.255627 0.043891
84 0.086351 0.620102 0.108078 0.038078
84 0.914095 0.529547 0.050975 0.076781
84 0.293370 0.086555 0.039109 0.152953
84 0.193022 0.387906 0.235850 0.042594
84 0.082772 0.534094 0.162479 0.049969
84 0.126504 0.093258 0.253008 0.043234
84 0.183468 0.327070 0.199526 0.037297
84 0.929596 0.542375 0.064875 0.080406
84 0.928064 0.313625 0.019582 0.056281
84 0.847618 0.088883 0.094401 0.150797
84 0.898858 0.081969 0.119276 0.163938
84 0.963593 0.034789 0.072813 0.069578
