3 0.677562 0.594927 0.025469 0.036437
3 0.438805 0.603344 0.033359 0.031313
8 0.493000 0.602927 0.077500 0.054188
8 0.903125 0.614417 0.193375 0.216917
1 0.651016 0.635125 0.028594 0.094167
1 0.444125 0.635312 0.016219 0.070500
1 0.800242 0.610052 0.014516 0.060687
1 0.592477 0.598115 0.014359 0.052354
1 0.570516 0.584323 0.011813 0.029813
1 0.750859 0.607344 0.014531 0.058438
8 0.139789 0.598385 0.113859 0.100979
8 0.541734 0.588812 0.041250 0.043875
8 0.102961 0.541375 0.012984 0.014000
1 0.428906 0.606563 0.011687 0.031875
8 0.710125 0.590167 0.048688 0.054583
1 0.736477 0.602604 0.008297 0.050792
