1 0.976297 0.908724 0.021844 0.052342
1 0.950180 0.873817 0.027516 0.013864
1 0.982055 0.887447 0.013109 0.029742
28 0.694531 0.746241 0.072063 0.036885
28 0.590422 0.664133 0.052156 0.022084
28 0.678398 0.702600 0.064891 0.029742
28 0.783062 0.774262 0.074500 0.054426
28 0.537156 0.640398 0.050438 0.025714
28 0.554133 0.672658 0.056734 0.023770
62 0.740281 0.909485 0.046500 0.060656
62 0.624078 0.915948 0.051469 0.047588
62 0.636266 0.899450 0.059000 0.052670
62 0.779633 0.920422 0.029766 0.060937
62 0.592391 0.948864 0.101063 0.094215
1 0.812609 0.816347 0.021906 0.048806
28 0.611719 0.685199 0.059719 0.022295
28 0.647617 0.670960 0.055766 0.016862
28 0.628250 0.635422 0.049750 0.019461
28 0.571430 0.626511 0.046953 0.015878
28 0.535937 0.694180 0.058594 0.027986
28 0.561234 0.913326 0.093125 0.117471
62 0.663625 0.828384 0.047531 0.033677
62 0.654477 0.812119 0.046141 0.025972
62 0.894664 0.904133 0.066047 0.053700
62 0.905586 0.887881 0.057766 0.047658
62 0.731734 0.851956 0.037562 0.042693
62 0.693625 0.833618 0.037969 0.031874
28 0.869852 0.825902 0.083609 0.101967
62 0.649813 0.746429 0.040625 0.035293
1 0.934969 0.832283 0.017438 0.021007
