90 0.914279 0.495580 0.145976 0.499040
90 0.789865 0.413350 0.068679 0.394220
90 0.788138 0.822940 0.081201 0.349400
90 0.720255 0.338640 0.067057 0.353720
90 0.584760 0.724840 0.067778 0.319160
90 0.533393 0.888320 0.054474 0.223360
90 0.713694 0.883120 0.046787 0.213000
90 0.898949 0.922080 0.097477 0.129880
90 0.963078 0.702490 0.073844 0.100100
90 0.687583 0.817240 0.057928 0.093880
90 0.493063 0.266380 0.052553 0.219840
90 0.610526 0.921820 0.051381 0.156360
90 0.215285 0.401720 0.034414 0.165200
