67 0.504477 0.495141 0.991047 0.986518
48 0.576891 0.724894 0.159719 0.383671
51 0.123578 0.568388 0.247156 0.450659
51 0.154617 0.254624 0.131297 0.109482
55 0.548438 0.518824 0.187500 0.115294
55 0.547633 0.327918 0.139109 0.085624
55 0.025766 0.228400 0.050531 0.055482
47 0.157719 0.034212 0.104875 0.068424
48 0.044398 0.229647 0.088797 0.076235
51 0.365461 0.468894 0.178266 0.149882
51 0.877492 0.130506 0.195859 0.102894
51 0.866500 0.777800 0.230094 0.444400
55 0.050164 0.152824 0.097328 0.034729
47 0.724148 0.151835 0.141359 0.272800
