1 0.603078 0.602075 0.023563 0.132900
1 0.543438 0.534325 0.017125 0.033150
1 0.541250 0.633550 0.041594 0.091750
1 0.229750 0.901525 0.077469 0.196950
1 0.345141 0.831787 0.077406 0.180975
1 0.439484 0.730925 0.039125 0.160050
1 0.474812 0.718638 0.039594 0.145825
1 0.499477 0.645662 0.045797 0.098975
1 0.458508 0.644400 0.033641 0.073400
1 0.510391 0.613900 0.024500 0.052300
31 0.176555 0.866237 0.046609 0.100775
31 0.183578 0.681825 0.029250 0.107100
31 0.798242 0.663150 0.020797 0.032350
1 0.022633 0.707287 0.039016 0.175325
28 0.507023 0.854688 0.353922 0.267425
31 0.262828 0.966738 0.029844 0.066525
1 0.808883 0.680025 0.046484 0.196400
28 0.650953 0.588375 0.072188 0.068800
28 0.108570 0.606587 0.072141 0.075925
28 0.159352 0.505188 0.068641 0.054925
28 0.525961 0.574900 0.074703 0.061150
28 0.777219 0.541600 0.027906 0.023550
28 0.879750 0.571600 0.048469 0.062600
28 0.737047 0.717100 0.074094 0.066850
28 0.033594 0.601562 0.067187 0.071825
28 0.240961 0.759050 0.139859 0.073850
28 0.104109 0.914125 0.118594 0.145350
28 0.355242 0.721287 0.113328 0.054625
1 0.162219 0.878925 0.079156 0.241350
27 0.006703 0.655738 0.011656 0.038025
27 0.089391 0.516100 0.019688 0.055450
28 0.614320 0.769287 0.127359 0.101275
31 0.063055 0.533038 0.011422 0.040675
31 0.443414 0.711800 0.014328 0.040700
