1 0.313016 0.741246 0.246625 0.336316
1 0.489797 0.269368 0.043344 0.267930
1 0.307219 0.260667 0.044031 0.287649
1 0.126867 0.279491 0.025078 0.182982
1 0.341508 0.248947 0.051734 0.330105
1 0.635750 0.302088 0.028031 0.137860
1 0.806078 0.293684 0.018125 0.146807
41 0.371383 0.857509 0.168078 0.099158
1 0.099453 0.276561 0.025000 0.185263
1 0.612391 0.285105 0.012094 0.076456
1 0.511242 0.295842 0.016047 0.112035
1 0.834117 0.295211 0.021859 0.144035
1 0.688211 0.301123 0.013453 0.078246
31 0.348727 0.214754 0.027859 0.145018
2 0.633758 0.326544 0.060453 0.094000
1 0.542359 0.288474 0.017406 0.108035
