50 0.479828 0.368126 0.015625 0.059766
50 0.455148 0.375960 0.020453 0.045129
81 0.371422 0.493290 0.148281 0.077447
44 0.157953 0.789824 0.013344 0.046300
47 0.425586 0.427201 0.011984 0.028314
79 0.643078 0.694895 0.255312 0.542108
82 0.089211 0.811241 0.178422 0.377518
44 0.170805 0.785550 0.009391 0.029508
44 0.144508 0.796066 0.011047 0.080187
47 0.416469 0.425995 0.008906 0.029368
47 0.225148 0.494344 0.017109 0.064614
47 0.437914 0.424567 0.013766 0.024543
51 0.580844 0.540913 0.047313 0.057143
