1 0.394437 0.507881 0.081219 0.813475
1 0.469438 0.528072 0.075406 0.858432
1 0.348477 0.477521 0.078891 0.824025
1 0.289305 0.472987 0.077016 0.798602
1 0.229852 0.494492 0.079516 0.817034
1 0.178984 0.556186 0.094469 0.775254
1 0.536961 0.525148 0.120984 0.844958
1 0.946906 0.525869 0.089375 0.819280
1 0.617914 0.527585 0.096891 0.852712
1 0.057172 0.528093 0.091156 0.912373
1 0.130930 0.503814 0.077891 0.860678
1 0.893875 0.578284 0.114781 0.809619
32 0.595703 0.256271 0.012438 0.057034
1 0.812219 0.563983 0.063969 0.746356
32 0.598195 0.217352 0.025984 0.025975
32 0.183148 0.420890 0.013766 0.222288
32 0.407641 0.310911 0.016250 0.151483
32 0.939578 0.289873 0.012500 0.088390
32 0.839898 0.272203 0.016266 0.135678
32 0.235172 0.356992 0.012438 0.231186
32 0.365234 0.230191 0.009344 0.043263
