39 0.365930 0.382342 0.022016 0.079672
1 0.245891 0.514602 0.068969 0.139321
1 0.509141 0.553665 0.281687 0.352763
1 0.961711 0.259602 0.073109 0.091850
1 0.611445 0.548595 0.091172 0.164824
1 0.807414 0.543033 0.053078 0.130000
1 0.841391 0.616745 0.199344 0.272974
1 0.947500 0.591991 0.104688 0.319251
15 0.234031 0.560457 0.211594 0.061382
40 0.763984 0.608735 0.043125 0.069977
1 0.916523 0.267213 0.043016 0.067916
1 0.783398 0.254754 0.069734 0.083747
1 0.713547 0.257763 0.053219 0.077775
1 0.665055 0.262190 0.044297 0.061194
1 0.844570 0.259778 0.072734 0.077166
1 0.565266 0.246546 0.056156 0.079180
