39 0.423023 0.416528 0.022703 0.122077
40 0.791008 0.666395 0.036609 0.058487
1 0.450836 0.209748 0.055922 0.126914
1 0.302656 0.177760 0.058594 0.132611
1 0.610984 0.122685 0.043594 0.153027
1 0.849602 0.680905 0.108859 0.341573
1 0.464797 0.636306 0.212750 0.427448
1 0.223258 0.530846 0.083328 0.399733
1 0.319742 0.558190 0.101609 0.357804
1 0.260984 0.274110 0.032625 0.118071
1 0.292031 0.332878 0.061625 0.199822
1 0.351719 0.351929 0.057563 0.184451
1 0.403531 0.334822 0.046031 0.172611
39 0.623734 0.546306 0.025812 0.202878
62 0.645883 0.169095 0.034328 0.034214
62 0.675500 0.302774 0.022656 0.097596
62 0.708313 0.236588 0.050344 0.171039
62 0.689305 0.307819 0.016609 0.093798
62 0.332547 0.275593 0.027437 0.047804
62 0.203977 0.112967 0.013266 0.021306
1 0.508023 0.086039 0.044172 0.142463
62 0.691625 0.681736 0.034844 0.114451
1 0.454992 0.350326 0.054984 0.167300
40 0.793125 0.692018 0.030781 0.048309
