19 0.449008 0.504488 0.669422 0.648811
62 0.195367 0.096158 0.102141 0.038053
62 0.284758 0.059477 0.104547 0.094488
62 0.376945 0.044580 0.100859 0.077848
32 0.510016 0.244365 0.014531 0.044016
1 0.507008 0.369723 0.161609 0.499078
1 0.106062 0.353299 0.089656 0.080164
1 0.976820 0.264160 0.046359 0.100984
1 0.319586 0.315891 0.127516 0.137070
1 0.418070 0.302684 0.079609 0.118893
1 0.201242 0.347838 0.097766 0.084324
1 0.382891 0.299857 0.048344 0.064590
1 0.092930 0.072572 0.066891 0.103832
1 0.030477 0.104621 0.044828 0.051086
1 0.837227 0.282838 0.156984 0.086619
1 0.724453 0.280420 0.069375 0.093914
1 0.046305 0.045225 0.033297 0.068811
1 0.017648 0.076865 0.035297 0.113074
