62 0.384281 0.864368 0.158875 0.271265
62 0.035437 0.671499 0.067344 0.193724
62 0.106125 0.561230 0.050562 0.027705
62 0.195008 0.771616 0.230016 0.435785
67 0.108945 0.660726 0.121047 0.201405
1 0.039445 0.518665 0.055109 0.109836
1 0.175422 0.773033 0.266875 0.422459
1 0.479672 0.644052 0.200188 0.711054
1 0.670922 0.625504 0.225375 0.727073
1 0.027328 0.830445 0.054656 0.337237
62 0.022711 0.568080 0.045422 0.034848
32 0.489938 0.466499 0.013750 0.070937
32 0.657813 0.458876 0.022000 0.089087
62 0.196172 0.554087 0.040469 0.028033
