3 0.806620 0.591560 0.052040 0.051813
3 0.732220 0.597187 0.061120 0.054320
3 0.771700 0.597787 0.021520 0.040907
10 0.591830 0.278613 0.027100 0.080907
1 0.582090 0.538480 0.016500 0.059627
3 0.923460 0.590027 0.028960 0.094987
10 0.994300 0.387880 0.011400 0.044080
1 0.547900 0.536493 0.015240 0.051333
3 0.846870 0.585693 0.019420 0.017680
3 0.968360 0.666387 0.063280 0.310480
3 0.861980 0.586733 0.015720 0.018267
3 0.960190 0.603800 0.066220 0.171760
10 0.915340 0.545280 0.006920 0.011360
10 0.610160 0.514613 0.010680 0.030293
10 0.297630 0.484627 0.021020 0.058053
10 0.278720 0.494360 0.014120 0.043813
11 0.605160 0.617067 0.006880 0.013440
