62 0.792292 0.870758 0.402583 0.216266
62 0.338354 0.834055 0.504667 0.309672
62 0.355323 0.597703 0.204896 0.147031
62 0.822937 0.690109 0.318292 0.301063
67 0.583531 0.691766 0.652563 0.277656
46 0.559490 0.673773 0.077604 0.145172
46 0.609156 0.615742 0.063729 0.123672
46 0.696583 0.647437 0.077875 0.128594
49 0.496333 0.780508 0.083125 0.064359
50 0.556625 0.783062 0.069208 0.069937
51 0.399385 0.702141 0.131146 0.074313
51 0.750344 0.719680 0.137187 0.073922
79 0.166667 0.506758 0.291292 0.236484
81 0.631437 0.417594 0.317250 0.044344
48 0.525135 0.776852 0.074188 0.065422
51 0.746094 0.632383 0.113896 0.062516
51 0.451323 0.617391 0.105563 0.057375
82 0.914927 0.404945 0.170146 0.697922
50 0.637083 0.639102 0.042292 0.029172
