4 0.468016 0.530585 0.901719 0.858404
4 0.593391 0.362965 0.501938 0.239761
1 0.287813 0.143816 0.110906 0.283165
1 0.369891 0.202580 0.065719 0.155532
1 0.632984 0.160678 0.082719 0.154654
1 0.890727 0.264269 0.030953 0.071250
1 0.920406 0.275918 0.027906 0.111037
4 0.853313 0.439229 0.119000 0.329149
4 0.948008 0.424455 0.103984 0.235293
1 0.430391 0.175279 0.079219 0.152793
1 0.996219 0.227088 0.007312 0.043910
1 0.963812 0.304229 0.072375 0.213936
4 0.886633 0.416024 0.119516 0.284016
1 0.517492 0.152128 0.044234 0.089521
4 0.493016 0.214814 0.124687 0.124840
1 0.538414 0.177939 0.059141 0.138484
