82 0.787125 0.509711 0.117188 0.747861
44 0.532461 0.392355 0.011047 0.056098
73 0.259383 0.553613 0.133016 0.187052
79 0.418430 0.535130 0.160422 0.351185
81 0.588703 0.415809 0.081937 0.012775
44 0.561188 0.386821 0.008719 0.046879
47 0.510023 0.250665 0.015016 0.020231
47 0.511062 0.301243 0.018156 0.021676
51 0.351391 0.490896 0.033000 0.030289
78 0.384906 0.203295 0.114969 0.191272
50 0.417930 0.372110 0.010703 0.042775
50 0.407391 0.374523 0.008719 0.048121
62 0.401695 0.857095 0.065672 0.284827
44 0.523695 0.386329 0.013766 0.066590
51 0.510125 0.250650 0.014938 0.018006
51 0.513789 0.189711 0.020641 0.026532
64 0.033102 0.980939 0.065984 0.038121
