37 0.445031 0.593263 0.016250 0.024413
43 0.089875 0.187911 0.011656 0.038967
1 0.304453 0.664800 0.235812 0.585188
1 0.389070 0.217430 0.038141 0.197817
1 0.517852 0.203862 0.029953 0.138615
1 0.463000 0.039718 0.022812 0.046056
1 0.425648 0.210704 0.033203 0.105117
37 0.478125 0.166150 0.007719 0.012019
43 0.440734 0.650434 0.096969 0.146549
43 0.396820 0.159542 0.013328 0.025188
1 0.075555 0.234906 0.054703 0.172958
1 0.979664 0.195775 0.031141 0.130141
1 0.245648 0.061268 0.024016 0.021643
1 0.897125 0.217265 0.047594 0.111761
1 0.646578 0.053122 0.019250 0.027840
1 0.430133 0.056021 0.021359 0.025423
1 0.403102 0.056913 0.020266 0.024531
1 0.158789 0.043087 0.026953 0.062981
