3 0.120523 0.216663 0.238172 0.165597
3 0.503180 0.191475 0.199484 0.101874
3 0.211617 0.109918 0.162328 0.097447
3 0.909320 0.069660 0.088453 0.062927
3 0.690430 0.085386 0.109453 0.085386
8 0.551742 0.079403 0.173922 0.128080
8 0.210312 0.111054 0.164938 0.095691
1 0.791164 0.394895 0.056891 0.207916
1 0.559242 0.575281 0.092953 0.229204
1 0.753812 0.385082 0.048094 0.193817
1 0.711812 0.369988 0.043438 0.192810
1 0.391156 0.479227 0.083250 0.194192
1 0.313070 0.558911 0.085328 0.236557
1 0.206297 0.420468 0.072063 0.128712
1 0.098750 0.500363 0.098437 0.190703
3 0.689156 0.197799 0.141219 0.068806
3 0.870937 0.171569 0.170500 0.118735
3 0.046688 0.030667 0.092000 0.059227
3 0.310070 0.034344 0.129484 0.068689
4 0.572359 0.605059 0.158375 0.218267
1 0.074867 0.355960 0.065297 0.111218
1 0.255180 0.360761 0.076578 0.190094
1 0.203250 0.308103 0.040750 0.093021
1 0.310820 0.291663 0.056734 0.136159
3 0.734813 0.148267 0.136656 0.100375
4 0.867016 0.271909 0.083375 0.102787
4 0.320453 0.596300 0.134750 0.201967
4 0.392813 0.501593 0.075219 0.198642
4 0.102969 0.575749 0.098750 0.177354
4 0.203633 0.465386 0.098953 0.196674
4 0.079484 0.403302 0.109563 0.171522
4 0.259703 0.388888 0.067500 0.141335
4 0.352820 0.368653 0.087359 0.144333
4 0.846141 0.784063 0.234969 0.263115
4 0.813781 0.969789 0.119219 0.060422
4 0.981617 0.951171 0.036766 0.095925
8 0.870570 0.159403 0.167391 0.105878
1 0.403258 0.222131 0.044047 0.121311
3 0.271797 0.018595 0.108656 0.037002
3 0.414563 0.024836 0.086031 0.049204
4 0.466203 0.361276 0.082063 0.110375
8 0.740180 0.149789 0.145547 0.098033
