47 0.650539 0.794387 0.060703 0.074858
47 0.254383 0.498231 0.027047 0.063491
51 0.616625 0.680979 0.046594 0.043231
51 0.371250 0.642606 0.036531 0.043278
51 0.797734 0.821038 0.019000 0.058302
51 0.599617 0.810873 0.054078 0.045000
44 0.331047 0.540649 0.028094 0.072335
44 0.307281 0.542653 0.030750 0.079222
47 0.796727 0.820649 0.018422 0.062665
50 0.358734 0.621545 0.037031 0.031722
51 0.665148 0.687370 0.047453 0.038090
50 0.368680 0.587017 0.008797 0.026061
50 0.419641 0.524009 0.011281 0.040047
62 0.138336 0.726097 0.090391 0.167712
86 0.467234 0.250342 0.042750 0.077571
86 0.517539 0.614045 0.030891 0.083325
86 0.635695 0.591250 0.035297 0.088396
86 0.331492 0.540377 0.026078 0.077736
86 0.306906 0.541993 0.030500 0.078278
47 0.243336 0.240708 0.048266 0.074387
47 0.297805 0.241521 0.039422 0.075920
