3 0.191927 0.562086 0.383854 0.165703
1 0.653500 0.609781 0.139667 0.254188
1 0.412417 0.535414 0.086042 0.191453
1 0.600635 0.522211 0.078188 0.097047
1 0.821073 0.505391 0.059479 0.133063
1 0.736406 0.484695 0.016563 0.027547
2 0.659490 0.685383 0.050813 0.146328
2 0.605167 0.582258 0.019750 0.087109
10 0.922562 0.114539 0.093333 0.228109
1 0.191635 0.475820 0.043021 0.028047
1 0.134687 0.536875 0.025583 0.024281
1 0.721365 0.484844 0.016813 0.032594
6 0.524656 0.478422 0.093854 0.071406
8 0.133333 0.497758 0.236708 0.110109
8 0.161188 0.474055 0.305958 0.246609
27 0.409427 0.480047 0.043562 0.027000
27 0.787260 0.482492 0.032729 0.049109
41 0.420740 0.626016 0.042229 0.016188
1 0.773510 0.504219 0.027271 0.087656
1 0.751010 0.485773 0.016146 0.035141
1 0.903927 0.502805 0.035729 0.091391
3 0.486427 0.503727 0.081104 0.059547
