1 0.540945 0.659553 0.299953 0.680894
1 0.976219 0.457494 0.047563 0.223647
1 0.055023 0.775212 0.030891 0.058000
13 0.146758 0.748000 0.030297 0.047718
36 0.699922 0.773871 0.199531 0.431929
1 0.101000 0.788282 0.030062 0.061365
1 0.170219 0.822576 0.033844 0.057435
1 0.220680 0.833118 0.028516 0.061953
1 0.254883 0.848941 0.032047 0.042165
1 0.283422 0.848541 0.023000 0.050729
1 0.843773 0.886871 0.087609 0.221835
1 0.311781 0.855329 0.017594 0.042941
1 0.961016 0.838694 0.018625 0.043365
1 0.390477 0.874282 0.011422 0.032518
1 0.331820 0.855588 0.020578 0.043318
6 0.363633 0.821682 0.056891 0.045059
6 0.070633 0.775859 0.139297 0.127906
