44 0.310344 0.237070 0.185344 0.474141
67 0.491828 0.670852 0.978969 0.614484
61 0.670352 0.514625 0.395547 0.266094
61 0.184680 0.466219 0.355859 0.245500
84 0.642859 0.262687 0.030437 0.064687
84 0.668367 0.124992 0.033641 0.074578
49 0.453898 0.551156 0.048297 0.059688
84 0.558000 0.120922 0.027500 0.086969
84 0.640688 0.121320 0.026375 0.079109
84 0.690352 0.119539 0.063922 0.087172
84 0.663711 0.253898 0.025641 0.078953
84 0.664242 0.185516 0.104547 0.014844
84 0.594328 0.194977 0.088219 0.026391
62 0.527781 0.298078 0.244094 0.199563
84 0.618883 0.116766 0.028391 0.089281
84 0.586828 0.128555 0.029125 0.101109
84 0.607867 0.254648 0.082703 0.072547
84 0.716648 0.245211 0.035734 0.105484
84 0.670141 0.198359 0.073438 0.015313
