64 0.559930 0.120540 0.145203 0.241080
44 0.456680 0.838545 0.050641 0.322911
44 0.719906 0.887559 0.068562 0.206009
1 0.523523 0.660681 0.269234 0.480892
1 0.195070 0.566209 0.145922 0.420587
1 0.866062 0.711796 0.266250 0.573028
15 0.403836 0.699190 0.805641 0.495329
47 0.268352 0.858650 0.043516 0.121667
44 0.205258 0.745810 0.046172 0.293779
46 0.454273 0.585575 0.047453 0.098474
46 0.271523 0.756021 0.042047 0.082981
46 0.764922 0.673662 0.054438 0.091831
46 0.594164 0.929824 0.053766 0.140352
46 0.306047 0.888979 0.060437 0.161385
46 0.554773 0.922383 0.046891 0.130822
47 0.200297 0.916502 0.054062 0.137465
1 0.168695 0.771244 0.337391 0.457512
46 0.664898 0.934777 0.049516 0.130164
47 0.555930 0.922946 0.047047 0.132418
67 0.237352 0.878803 0.206391 0.206714
