1 0.253086 0.258856 0.071453 0.285401
1 0.494937 0.256946 0.095156 0.278797
1 0.739391 0.261627 0.094937 0.285660
86 0.239086 0.757807 0.158141 0.281698
86 0.224180 0.626627 0.135922 0.164764
86 0.300992 0.597606 0.091641 0.205401
86 0.377312 0.674823 0.141531 0.237759
86 0.437648 0.576215 0.101547 0.145778
86 0.406359 0.513998 0.078125 0.083467
86 0.497547 0.765012 0.169781 0.348231
86 0.552289 0.626733 0.134734 0.227241
86 0.514891 0.522759 0.075719 0.110991
86 0.703719 0.705991 0.157625 0.289858
86 0.374922 0.510401 0.069687 0.092925
86 0.626727 0.564175 0.061891 0.135142
86 0.272984 0.517524 0.068219 0.066321
