3 0.682383 0.305609 0.074422 0.044750
3 0.618375 0.304000 0.044281 0.043875
1 0.353812 0.321820 0.506094 0.643328
41 0.392609 0.644609 0.620719 0.263125
1 0.105750 0.306930 0.016281 0.064891
1 0.120359 0.296516 0.013344 0.041219
1 0.725234 0.312219 0.015375 0.043156
3 0.767656 0.308852 0.073000 0.041203
3 0.573828 0.302727 0.035937 0.046141
3 0.937750 0.319563 0.122969 0.051344
3 0.538336 0.302742 0.042828 0.044328
3 0.457445 0.305867 0.070203 0.037578
3 0.659680 0.305594 0.081172 0.054219
3 0.388148 0.295102 0.026422 0.035859
3 0.110664 0.290148 0.075984 0.040172
