40 0.629219 0.425656 0.028563 0.059875
1 0.732586 0.855063 0.121359 0.289875
1 0.101352 0.248875 0.058547 0.090063
1 0.608328 0.251063 0.058188 0.090000
37 0.380383 0.426938 0.021641 0.017875
37 0.889289 0.427109 0.021109 0.021094
40 0.122711 0.424469 0.027453 0.057750
39 0.232492 0.401453 0.055578 0.035281
39 0.737992 0.406734 0.061047 0.031906
1 0.536977 0.363953 0.073891 0.151094
1 0.219594 0.850234 0.119375 0.277031
1 0.276297 0.426281 0.098500 0.376250
1 0.554656 0.248031 0.052187 0.085250
1 0.570805 0.469250 0.130703 0.246188
1 0.024281 0.221484 0.043562 0.147281
1 0.077797 0.223172 0.042656 0.138344
1 0.388969 0.333719 0.051844 0.236437
1 0.783492 0.429422 0.097797 0.368531
1 0.069992 0.470422 0.135234 0.249469
