28 0.371164 0.297295 0.742328 0.587845
77 0.960977 0.522190 0.022078 0.048080
77 0.735602 0.536874 0.026484 0.028080
1 0.780625 0.613185 0.185094 0.639813
1 0.614023 0.656230 0.143578 0.687541
1 0.642445 0.393267 0.094453 0.256183
1 0.957437 0.618384 0.085125 0.763232
1 0.877086 0.658571 0.080953 0.584262
1 0.545523 0.340480 0.050266 0.085457
1 0.886055 0.392869 0.077672 0.161382
47 0.032117 0.759239 0.064234 0.103443
1 0.517625 0.474567 0.067219 0.196628
1 0.179086 0.472295 0.060609 0.116393
1 0.371391 0.511335 0.489719 0.945808
1 0.939609 0.623372 0.101750 0.713068
1 0.745172 0.379227 0.079719 0.223372
