28 0.597229 0.550230 0.805542 0.311140
62 0.140136 0.741980 0.032741 0.055400
1 0.448419 0.540450 0.531355 0.919100
1 0.169081 0.680180 0.143343 0.244960
1 0.059639 0.573300 0.119277 0.118520
1 0.078825 0.662580 0.156747 0.166960
1 0.118223 0.786200 0.153554 0.105840
1 0.863012 0.741570 0.128614 0.157300
1 0.898178 0.816980 0.050633 0.040640
37 0.735136 0.988530 0.082319 0.022940
62 0.552545 0.804630 0.106235 0.034260
62 0.541009 0.786710 0.106596 0.054140
1 0.045587 0.771910 0.086416 0.160740
37 0.599503 0.097360 0.189970 0.113480
62 0.584608 0.827380 0.108675 0.030680
62 0.654352 0.827030 0.030331 0.032820
62 0.081175 0.727870 0.056747 0.029660
1 0.751777 0.770990 0.170904 0.140180
