18 0.836359 0.720594 0.215156 0.258604
18 0.629695 0.393896 0.092328 0.048208
1 0.639797 0.321646 0.043062 0.154875
1 0.822719 0.517604 0.259188 0.332667
1 0.937312 0.331479 0.025406 0.070500
1 0.979461 0.323927 0.027172 0.083312
1 0.850430 0.312458 0.020391 0.096958
1 0.870055 0.309719 0.028391 0.115021
8 0.369945 0.585396 0.736516 0.725833
1 0.941312 0.292583 0.033000 0.028292
1 0.992883 0.318542 0.011484 0.082458
1 0.387211 0.288990 0.024141 0.043188
1 0.342367 0.312135 0.028078 0.047479
1 0.911812 0.324990 0.031688 0.125188
1 0.589945 0.267833 0.019922 0.021583
