67 0.500883 0.514573 0.998234 0.941187
47 0.882305 0.433021 0.203922 0.287625
47 0.670047 0.425604 0.195406 0.281583
47 0.521773 0.478719 0.126922 0.142229
50 0.512516 0.856490 0.396437 0.285854
51 0.380063 0.767417 0.426406 0.438208
52 0.705344 0.157302 0.173594 0.175271
52 0.938266 0.139833 0.102156 0.273458
52 0.976148 0.128583 0.047703 0.093917
53 0.871633 0.180583 0.256734 0.272542
47 0.393016 0.491917 0.118719 0.127292
51 0.145055 0.522823 0.126766 0.139854
78 0.295133 0.223375 0.590266 0.446750
52 0.265781 0.456573 0.100437 0.087771
53 0.779992 0.143187 0.092828 0.107542
53 0.846391 0.189323 0.079500 0.096271
47 0.278828 0.487760 0.131812 0.133646
