44 0.429703 0.668302 0.024969 0.083255
44 0.445133 0.766768 0.026891 0.102717
44 0.417570 0.770831 0.023859 0.056464
44 0.417984 0.790410 0.021500 0.041616
62 0.783328 0.889005 0.250312 0.221991
62 0.951898 0.771780 0.096203 0.402529
62 0.783906 0.841417 0.173187 0.270890
67 0.343359 0.797295 0.668687 0.380632
1 0.458680 0.540773 0.142266 0.262155
1 0.709242 0.719262 0.253234 0.558946
1 0.347273 0.610059 0.152328 0.309859
47 0.572664 0.707646 0.030984 0.091265
47 0.504211 0.674742 0.031203 0.042225
47 0.321977 0.813431 0.039672 0.075621
47 0.264992 0.821920 0.041109 0.115410
47 0.062641 0.939824 0.058344 0.120351
50 0.544875 0.834426 0.102219 0.052693
50 0.036430 0.884824 0.015891 0.047588
47 0.509820 0.649227 0.030453 0.060515
47 0.416203 0.865527 0.042625 0.127775
47 0.506773 0.739672 0.040172 0.092225
47 0.400055 0.712002 0.033859 0.061663
67 0.849938 0.585375 0.156750 0.248689
1 0.269805 0.641639 0.206859 0.307728
1 0.156680 0.730340 0.304359 0.485410
1 0.659680 0.596007 0.099203 0.208923
47 0.445539 0.685738 0.023766 0.041639
47 0.621703 0.654965 0.030875 0.074801
1 0.567906 0.544742 0.111688 0.261148
47 0.479672 0.657143 0.027781 0.075785
