1 0.563445 0.472451 0.060391 0.367744
1 0.816727 0.459150 0.095047 0.367103
1 0.723508 0.490334 0.074141 0.351755
1 0.640922 0.485320 0.042250 0.227911
42 0.299297 0.622312 0.052531 0.032201
42 0.438023 0.593872 0.144141 0.021560
42 0.218445 0.638942 0.111453 0.031811
42 0.272305 0.646741 0.119641 0.019721
42 0.376898 0.601184 0.158578 0.018357
42 0.348000 0.647131 0.079563 0.026295
42 0.209625 0.665836 0.128500 0.022312
42 0.460375 0.581713 0.112750 0.025432
42 0.595047 0.580070 0.080469 0.018412
1 0.676664 0.471950 0.043891 0.310306
1 0.823383 0.564638 0.111859 0.165209
1 0.753266 0.513189 0.039969 0.265153
42 0.235633 0.625181 0.284141 0.056212
42 0.405734 0.633942 0.110625 0.010000
