37 0.764055 0.806900 0.045172 0.078714
1 0.676320 0.501586 0.117422 0.420429
1 0.230367 0.541200 0.163078 0.401371
1 0.523578 0.403557 0.041750 0.128714
1 0.447367 0.411871 0.050859 0.112429
1 0.673797 0.338600 0.025812 0.073714
1 0.834273 0.445514 0.074328 0.321314
1 0.794398 0.372329 0.026297 0.161743
15 0.451805 0.442029 0.059578 0.044971
1 0.758375 0.374557 0.025594 0.157514
1 0.844328 0.595900 0.083406 0.508200
1 0.485305 0.415143 0.038141 0.100800
1 0.913312 0.361757 0.024531 0.062886
1 0.541180 0.366200 0.016359 0.046114
1 0.591523 0.403400 0.041422 0.119829
