35 0.511667 0.878664 0.535750 0.214453
1 0.480896 0.559695 0.392500 0.683141
1 0.917583 0.422250 0.056042 0.092188
1 0.846385 0.388531 0.041604 0.061562
1 0.345198 0.384289 0.023771 0.041984
1 0.265115 0.382586 0.019271 0.066109
1 0.297146 0.382898 0.068833 0.129078
1 0.145948 0.390609 0.079063 0.148250
1 0.776906 0.384211 0.038979 0.065172
1 0.932427 0.398320 0.028563 0.040984
1 0.042813 0.397578 0.059833 0.156812
1 0.070250 0.375031 0.031875 0.076000
1 0.989490 0.383148 0.021021 0.034734
35 0.067385 0.476352 0.134271 0.015859
35 0.191375 0.464453 0.090500 0.006969
