7 0.264625 0.543817 0.442281 0.602248
1 0.548961 0.690012 0.077672 0.329906
1 0.616289 0.691967 0.070078 0.331522
1 0.791039 0.663208 0.088859 0.511850
1 0.729203 0.605480 0.038812 0.275550
1 0.654586 0.593770 0.058453 0.299766
1 0.568539 0.527166 0.062422 0.153068
1 0.502164 0.587354 0.061078 0.244824
1 0.930367 0.610960 0.060828 0.304871
1 0.529016 0.467904 0.042844 0.078993
1 0.543586 0.502998 0.019703 0.052084
31 0.861336 0.734274 0.084109 0.262553
31 0.637727 0.540105 0.031828 0.085504
31 0.519727 0.520047 0.018297 0.050164
32 0.802477 0.522073 0.010109 0.031358
33 0.859641 0.773689 0.085281 0.180023
1 0.899742 0.641288 0.065203 0.312787
1 0.619875 0.500211 0.034187 0.062857
31 0.517664 0.477822 0.006672 0.026370
1 0.842320 0.598735 0.060984 0.314895
27 0.710727 0.541745 0.027141 0.092389
