31 0.904453 0.540094 0.019656 0.104496
31 0.433625 0.509028 0.015063 0.084286
1 0.119391 0.603115 0.118125 0.350023
1 0.930320 0.628091 0.103453 0.420211
1 0.839914 0.640117 0.090297 0.375410
1 0.778117 0.558255 0.049391 0.240726
1 0.721727 0.513525 0.023828 0.107143
1 0.688266 0.520199 0.039156 0.121288
1 0.416102 0.500117 0.059047 0.154098
1 0.466781 0.560679 0.062969 0.294239
1 0.648445 0.544953 0.037484 0.146066
1 0.521516 0.529684 0.038531 0.124473
1 0.574563 0.527143 0.030625 0.125152
1 0.972891 0.526674 0.044312 0.196300
1 0.336133 0.511019 0.049609 0.130984
