72 0.535703 0.191440 0.202875 0.281522
1 0.142328 0.482506 0.155125 0.352131
47 0.738055 0.782681 0.021953 0.040632
44 0.604742 0.619415 0.034766 0.093770
44 0.503445 0.422354 0.017922 0.040492
44 0.520266 0.400012 0.034625 0.095012
47 0.245742 0.705316 0.089484 0.191710
47 0.185734 0.664824 0.091594 0.180047
47 0.528805 0.685023 0.043172 0.091967
47 0.571477 0.707623 0.047141 0.098571
47 0.629102 0.716030 0.021672 0.058290
47 0.516344 0.670234 0.031094 0.078407
84 0.215203 0.525550 0.072781 0.080984
85 0.703203 0.153583 0.030875 0.055972
85 0.792930 0.142084 0.033672 0.056393
85 0.910500 0.324766 0.042938 0.069391
85 0.835953 0.538806 0.042000 0.072881
85 0.836180 0.310433 0.026703 0.042178
85 0.630172 0.471124 0.044312 0.072787
85 0.364266 0.239965 0.033281 0.054028
85 0.763820 0.317576 0.033984 0.060726
85 0.963172 0.136417 0.045312 0.070398
85 0.880242 0.114157 0.030578 0.049766
85 0.717383 0.494988 0.031359 0.060094
28 0.296070 0.589180 0.028047 0.091944
47 0.599953 0.711300 0.041188 0.083583
47 0.553391 0.695878 0.043375 0.092600
85 0.662570 0.313618 0.084047 0.102178
44 0.542531 0.438501 0.016688 0.041218
44 0.562242 0.445293 0.017453 0.047260
44 0.624406 0.624391 0.041031 0.113372
46 0.417164 0.641686 0.028547 0.047073
44 0.418078 0.209005 0.034313 0.099461
44 0.673461 0.716124 0.047891 0.091546
44 0.759516 0.681909 0.043125 0.082600
46 0.454078 0.652518 0.022500 0.056370
44 0.853984 0.483700 0.009344 0.025340
44 0.910070 0.481019 0.055672 0.081288
44 0.976805 0.359848 0.045422 0.105363
44 0.900555 0.538232 0.028547 0.048689
