1 0.700055 0.921835 0.103078 0.156329
1 0.185164 0.941271 0.105734 0.117459
28 0.241547 0.584459 0.480094 0.810800
28 0.741836 0.542800 0.514484 0.885129
28 0.548523 0.739106 0.145922 0.099059
28 0.690922 0.791565 0.202937 0.112353
28 0.163578 0.839165 0.192312 0.136871
28 0.095719 0.737612 0.179469 0.162141
28 0.881391 0.653153 0.237219 0.295059
28 0.283852 0.798435 0.084797 0.062471
1 0.546813 0.941635 0.065781 0.116729
1 0.076750 0.955765 0.052844 0.086447
1 0.970953 0.945153 0.058094 0.109694
28 0.466180 0.868129 0.187516 0.119224
28 0.363938 0.868835 0.131094 0.116871
28 0.295250 0.883459 0.121812 0.106776
28 0.695695 0.872000 0.187141 0.080988
1 0.976250 0.824388 0.044438 0.198376
28 0.606914 0.876282 0.083016 0.062494
1 0.118875 0.968447 0.037500 0.063106
