19 0.490742 0.609415 0.421453 0.717330
19 0.385070 0.594052 0.398734 0.591710
3 0.965492 0.448630 0.069016 0.140070
1 0.735313 0.335621 0.072813 0.335831
28 0.668687 0.164052 0.188906 0.184262
3 0.902391 0.382014 0.029531 0.093021
62 0.181984 0.530059 0.017781 0.059180
62 0.167805 0.523302 0.019859 0.060328
67 0.120211 0.547904 0.044109 0.069953
1 0.634141 0.282635 0.093969 0.229859
3 0.958852 0.376030 0.082016 0.060867
3 0.986430 0.353302 0.027141 0.031522
1 0.858430 0.340199 0.073891 0.107283
