85 0.403641 0.570785 0.109094 0.197762
1 0.250352 0.753358 0.118891 0.291485
1 0.076812 0.822542 0.095406 0.180230
1 0.154391 0.884289 0.151250 0.231172
1 0.093000 0.891015 0.102094 0.217134
1 0.011555 0.894467 0.018547 0.119937
44 0.977477 0.606025 0.024609 0.098870
44 0.961523 0.746841 0.027984 0.123473
44 0.766016 0.582134 0.022437 0.081464
44 0.786742 0.723096 0.026047 0.092343
44 0.889875 0.717897 0.024938 0.131653
44 0.867094 0.734864 0.021625 0.107929
44 0.844469 0.725565 0.025031 0.121297
44 0.823461 0.721946 0.021359 0.114435
44 0.785141 0.583703 0.020188 0.086485
44 0.806641 0.717469 0.019437 0.113598
44 0.820453 0.595282 0.024344 0.073159
44 0.887781 0.604331 0.026125 0.080042
1 0.050680 0.743316 0.092266 0.110607
1 0.344813 0.952029 0.163000 0.093933
1 0.034461 0.826025 0.058516 0.163013
1 0.247000 0.943190 0.085469 0.113619
44 0.650570 0.691914 0.019328 0.074456
