56 0.663836 0.692108 0.182578 0.202248
56 0.761719 0.270937 0.142187 0.222482
56 0.443484 0.529871 0.102031 0.251780
56 0.606766 0.158407 0.173594 0.221780
56 0.451063 0.721768 0.097656 0.117307
56 0.091984 0.498958 0.071750 0.172061
59 0.640500 0.495293 0.719000 0.985902
59 0.167187 0.584707 0.334375 0.802342
56 0.171453 0.686557 0.138375 0.194098
56 0.072719 0.721909 0.064469 0.116838
56 0.170195 0.374918 0.065609 0.146089
56 0.589719 0.613946 0.091281 0.120867
56 0.609094 0.525515 0.050125 0.107986
