63 0.488243 0.523328 0.976485 0.346344
1 0.970879 0.180211 0.058243 0.119109
1 0.446810 0.463664 0.893619 0.586516
56 0.560722 0.837539 0.132364 0.123297
56 0.367730 0.757141 0.096757 0.071625
56 0.439874 0.813594 0.177866 0.185969
56 0.565659 0.759547 0.120356 0.094375
62 0.893609 0.410109 0.186548 0.150562
62 0.238033 0.317141 0.065481 0.070531
67 0.500293 0.842500 0.996067 0.315000
62 0.239079 0.278961 0.027824 0.017984
82 0.597071 0.251703 0.460418 0.268656
56 0.497960 0.858492 0.082113 0.064328
