20 0.696805 0.735861 0.059141 0.086580
20 0.434141 0.772170 0.052500 0.065472
20 0.338656 0.656651 0.045531 0.059623
20 0.156125 0.556250 0.043438 0.052358
20 0.126406 0.503974 0.032969 0.043797
20 0.081656 0.506816 0.027563 0.041887
8 0.979344 0.351321 0.041313 0.071415
15 0.633859 0.437323 0.015875 0.036108
20 0.259383 0.715849 0.030984 0.034198
62 0.556625 0.415649 0.019969 0.009080
3 0.979086 0.354599 0.040453 0.068208
20 0.341852 0.614788 0.041078 0.030519
62 0.910586 0.459399 0.017641 0.045071
62 0.932844 0.405142 0.019531 0.028255
62 0.607391 0.410224 0.014938 0.012241
62 0.642320 0.425755 0.027391 0.051745
64 0.668477 0.397842 0.038922 0.101344
64 0.486836 0.458809 0.014859 0.024882
64 0.527977 0.449599 0.015766 0.031274
