64 0.388398 0.776833 0.054609 0.077917
64 0.681711 0.861146 0.047172 0.156083
64 0.755906 0.752271 0.057500 0.433792
3 0.886930 0.880656 0.112859 0.087729
3 0.564602 0.808240 0.023359 0.032479
11 0.497094 0.904146 0.018531 0.042917
15 0.621852 0.917792 0.044266 0.028208
3 0.940719 0.868688 0.027687 0.047542
3 0.616820 0.803521 0.013109 0.026083
13 0.835813 0.796115 0.016219 0.018688
3 0.628766 0.825531 0.027625 0.035354
64 0.427570 0.755469 0.052578 0.120854
3 0.702094 0.785479 0.032781 0.022250
3 0.847312 0.832604 0.025062 0.024208
