72 0.024156 0.586452 0.048313 0.292407
62 0.178922 0.724315 0.142875 0.338880
62 0.144508 0.511660 0.066516 0.067925
62 0.370062 0.725166 0.154531 0.328299
62 0.434961 0.571898 0.090359 0.182718
63 0.740172 0.825809 0.518281 0.326888
67 0.302117 0.675041 0.389922 0.342531
73 0.229516 0.582562 0.107406 0.039357
31 0.144227 0.642541 0.079453 0.158278
47 0.669836 0.464315 0.016828 0.033776
73 0.222719 0.531317 0.090094 0.031888
62 0.349703 0.626878 0.043562 0.041805
62 0.518984 0.506629 0.047688 0.140270
