5 0.517974 0.506176 0.932582 0.238203
5 0.066364 0.450523 0.132435 0.156765
1 0.666740 0.595850 0.053971 0.109575
1 0.827688 0.584330 0.012271 0.020621
1 0.503668 0.634534 0.032239 0.153709
1 0.344567 0.576291 0.043415 0.045980
1 0.368897 0.584404 0.022990 0.037892
1 0.853121 0.604183 0.023856 0.062353
1 0.940376 0.613587 0.035196 0.095539
8 0.034060 0.614003 0.068121 0.118170
1 0.918194 0.615204 0.022958 0.066062
1 0.870613 0.614453 0.016487 0.039330
1 0.967892 0.696144 0.063039 0.269641
1 0.402843 0.559943 0.036961 0.091225
33 0.332214 0.631062 0.039886 0.040261
33 0.929060 0.677949 0.020343 0.038448
33 0.303342 0.631373 0.030833 0.038922
33 0.455564 0.607655 0.041422 0.045474
33 0.235498 0.602753 0.052598 0.023382
33 0.272271 0.616185 0.032549 0.042892
33 0.236797 0.588015 0.041013 0.020147
77 0.969273 0.573946 0.009036 0.006520
1 0.797990 0.572835 0.023725 0.062729
1 0.777337 0.556087 0.015980 0.066258
8 0.639820 0.664763 0.210294 0.178644
