5 0.498180 0.425845 0.985516 0.361786
1 0.419906 0.663796 0.051313 0.210388
32 0.854602 0.578417 0.005703 0.035515
1 0.101047 0.636155 0.055313 0.159029
1 0.672109 0.603563 0.050906 0.128796
1 0.807570 0.587757 0.055203 0.119825
1 0.677305 0.696718 0.055641 0.123223
1 0.762102 0.595757 0.044859 0.122272
1 0.630703 0.695942 0.054375 0.130641
1 0.717812 0.600437 0.051031 0.133262
1 0.897133 0.600485 0.043797 0.167495
1 0.523469 0.651068 0.053250 0.224583
32 0.808781 0.584243 0.012219 0.039981
32 0.378914 0.611718 0.008953 0.036680
32 0.715430 0.595515 0.008609 0.041243
32 0.671453 0.590408 0.004719 0.021515
32 0.625000 0.600388 0.010437 0.042641
32 0.525070 0.596223 0.011422 0.044097
32 0.580445 0.597583 0.007578 0.038311
32 0.471352 0.607019 0.004047 0.023204
32 0.417906 0.606757 0.005187 0.026835
32 0.901461 0.576311 0.010016 0.042951
32 0.762602 0.595146 0.009922 0.043146
1 0.374109 0.662602 0.055906 0.210330
1 0.576602 0.704583 0.063266 0.124544
1 0.911266 0.680350 0.050969 0.126252
32 0.911945 0.663408 0.005984 0.027942
