72 0.439260 0.596071 0.177480 0.231857
47 0.727400 0.623257 0.086120 0.154343
73 0.422360 0.816857 0.353920 0.343829
74 0.365230 0.822443 0.051060 0.046714
84 0.112090 0.688300 0.106700 0.085343
84 0.668540 0.570414 0.053480 0.143800
84 0.627540 0.578600 0.020280 0.117943
87 0.724180 0.512500 0.035200 0.079800
74 0.217680 0.737443 0.056920 0.040029
77 0.740130 0.872686 0.060980 0.080686
84 0.618600 0.567057 0.045520 0.146114
84 0.584460 0.544386 0.048120 0.173229
86 0.868310 0.674157 0.094380 0.139343
76 0.360500 0.730200 0.078320 0.093371
87 0.750700 0.536114 0.021200 0.041200
84 0.607510 0.892186 0.067860 0.091743
