7 0.495573 0.516594 0.713854 0.681406
1 0.922677 0.522000 0.132938 0.260906
1 0.868375 0.425977 0.044708 0.061734
1 0.823385 0.472578 0.032271 0.115125
1 0.113115 0.388305 0.027438 0.063109
1 0.993229 0.425578 0.013542 0.031594
1 0.837083 0.434063 0.029292 0.074813
1 0.972604 0.511648 0.039875 0.214016
1 0.887490 0.405906 0.025062 0.024469
1 0.898896 0.418078 0.021917 0.019406
1 0.866021 0.516070 0.056417 0.183359
1 0.982656 0.426469 0.029271 0.051656
7 0.064042 0.567977 0.128083 0.832516
1 0.188958 0.323750 0.011667 0.013281
