17 0.401043 0.678781 0.612259 0.213219
73 0.512346 0.389883 0.770221 0.366297
76 0.515782 0.828828 0.817504 0.092344
84 0.194186 0.670859 0.007109 0.074781
84 0.247488 0.302492 0.010332 0.069828
84 0.139668 0.418563 0.007014 0.130469
84 0.159905 0.231922 0.007709 0.082063
84 0.110205 0.187859 0.013965 0.090344
84 0.151130 0.424250 0.014044 0.125750
84 0.131256 0.435148 0.016130 0.090078
84 0.187567 0.255719 0.007204 0.072063
84 0.103207 0.423414 0.010142 0.097922
84 0.142844 0.674922 0.015924 0.090281
84 0.137488 0.597375 0.012638 0.037500
84 0.167788 0.672977 0.027046 0.083203
84 0.119265 0.432406 0.004313 0.088563
84 0.138823 0.200141 0.027757 0.101719
84 0.122765 0.675039 0.008626 0.088297
62 0.927030 0.674055 0.145940 0.103359
76 0.520442 0.517594 0.579463 0.020594
