7 0.352242 0.602250 0.633703 0.431458
1 0.462930 0.568948 0.011141 0.041104
1 0.404500 0.551240 0.015813 0.025729
6 0.439797 0.456094 0.124875 0.073563
1 0.494484 0.528698 0.006719 0.027229
1 0.528773 0.520104 0.018484 0.032625
1 0.547906 0.505406 0.011719 0.024063
1 0.562953 0.505406 0.011969 0.015646
1 0.576008 0.502260 0.008766 0.021937
1 0.415992 0.555802 0.015453 0.021229
1 0.439359 0.562896 0.009406 0.017625
1 0.513672 0.536312 0.005625 0.018000
1 0.598430 0.498615 0.009734 0.014854
1 0.624578 0.490531 0.005094 0.037812
1 0.484172 0.537719 0.009000 0.028687
