3 0.031219 0.323841 0.062437 0.125433
1 0.422102 0.464473 0.178516 0.573677
1 0.355000 0.376932 0.069375 0.346511
1 0.897156 0.258454 0.020844 0.061733
1 0.610422 0.451124 0.112656 0.583981
1 0.872547 0.526230 0.184000 0.841218
1 0.936539 0.254602 0.023703 0.023817
1 0.962477 0.267389 0.023984 0.042974
37 0.651164 0.511183 0.053141 0.081944
8 0.491016 0.231604 0.469281 0.440445
1 0.060352 0.258173 0.047328 0.132412
1 0.272836 0.197014 0.014328 0.030843
1 0.014539 0.221663 0.029078 0.091569
62 0.948297 0.354286 0.069500 0.181546
1 0.205359 0.505187 0.247812 0.963630
