18 0.356896 0.453555 0.111333 0.055766
44 0.276260 0.286109 0.075396 0.094250
67 0.501563 0.735797 0.996875 0.500000
1 0.168885 0.271641 0.337771 0.533500
8 0.484573 0.308180 0.341646 0.176047
47 0.098344 0.534117 0.097854 0.083703
50 0.233667 0.821695 0.104167 0.280859
50 0.401104 0.548586 0.118667 0.035703
51 0.844927 0.753742 0.305021 0.202203
51 0.379990 0.874062 0.549438 0.251875
51 0.521625 0.564602 0.239833 0.086109
51 0.237833 0.565102 0.166458 0.088391
18 0.468188 0.509859 0.117542 0.048594
3 0.908104 0.289398 0.103792 0.165922
31 0.553021 0.237703 0.201208 0.217656
44 0.746656 0.609117 0.088646 0.134391
