63 0.494195 0.647063 0.808453 0.684256
62 0.638875 0.218460 0.121313 0.295039
62 0.771914 0.294386 0.145234 0.179791
67 0.814281 0.291162 0.321406 0.537102
1 0.368641 0.609334 0.315969 0.781332
84 0.044805 0.705587 0.089609 0.114360
84 0.074648 0.748016 0.056203 0.113473
84 0.041781 0.649778 0.083562 0.157676
84 0.352219 0.709909 0.229438 0.275796
1 0.540656 0.680470 0.220625 0.634047
62 0.709086 0.086567 0.110703 0.173029
62 0.731727 0.072807 0.044016 0.084726
62 0.937359 0.180078 0.125281 0.275248
62 0.890539 0.018094 0.069016 0.032010
62 0.951906 0.381619 0.096188 0.362298
