6 0.613711 0.521469 0.595391 0.899330
6 0.215937 0.646070 0.194812 0.325851
6 0.115117 0.599433 0.194828 0.321340
1 0.952875 0.740129 0.073406 0.307165
1 0.865312 0.675657 0.040781 0.121366
1 0.471750 0.617680 0.037094 0.044433
1 0.538094 0.602255 0.031656 0.056727
1 0.383133 0.365709 0.030359 0.061057
1 0.414648 0.351598 0.019766 0.045000
1 0.596250 0.246044 0.049812 0.074098
1 0.490883 0.602448 0.010141 0.072113
1 0.917219 0.693621 0.028969 0.208634
1 0.385891 0.608802 0.014688 0.038892
1 0.466633 0.325142 0.026734 0.053119
1 0.408445 0.621443 0.012359 0.037165
1 0.421562 0.618814 0.030750 0.047010
