60 0.555740 0.485672 0.269604 0.079687
60 0.299635 0.494250 0.270354 0.083875
60 0.411062 0.439680 0.237583 0.051609
60 0.397781 0.398172 0.225437 0.064531
60 0.594594 0.418172 0.234354 0.059969
61 0.609552 0.884617 0.278729 0.182359
61 0.292135 0.892133 0.326604 0.184266
61 0.852115 0.831273 0.283771 0.156891
61 0.427927 0.743242 0.243229 0.139641
61 0.484990 0.813063 0.237229 0.162156
61 0.651677 0.742695 0.218729 0.128078
61 0.783354 0.704734 0.265542 0.104813
61 0.111396 0.840906 0.222292 0.161437
51 0.500000 0.831281 1.000000 0.336656
51 0.635281 0.613117 0.648729 0.114359
47 0.162531 0.610539 0.252937 0.200609
60 0.549271 0.386273 0.089000 0.024516
60 0.176781 0.451359 0.237937 0.070688
60 0.483958 0.811281 0.240583 0.173219
62 0.848052 0.310391 0.303896 0.548063
61 0.162771 0.748570 0.256292 0.090922
