6 0.140937 0.326967 0.281875 0.334824
1 0.568234 0.511241 0.332844 0.591007
1 0.896938 0.394391 0.171344 0.508361
1 0.954289 0.593255 0.091422 0.620234
1 0.657180 0.207155 0.059578 0.111967
1 0.608664 0.186393 0.048578 0.060468
1 0.506484 0.230269 0.055969 0.127143
1 0.489492 0.225995 0.027453 0.135550
1 0.303273 0.373934 0.139328 0.372693
1 0.122750 0.364087 0.093969 0.330609
1 0.044227 0.464040 0.085453 0.271920
1 0.330430 0.249590 0.049578 0.042084
21 0.471047 0.786546 0.942094 0.375012
21 0.448516 0.360504 0.223594 0.212576
21 0.852938 0.191218 0.047438 0.090211
