1 0.008898 0.603417 0.017797 0.047444
1 0.090438 0.616264 0.044531 0.063639
1 0.180258 0.586319 0.044422 0.204861
1 0.371070 0.633264 0.051234 0.173194
1 0.412031 0.525042 0.023187 0.067972
42 0.356336 0.602278 0.042891 0.164000
42 0.450891 0.617722 0.026781 0.140222
42 0.409922 0.627569 0.047563 0.093028
1 0.442016 0.594403 0.023813 0.153306
1 0.029187 0.382611 0.011531 0.041278
9 0.620687 0.333444 0.024875 0.035889
9 0.555953 0.343181 0.024125 0.022306
9 0.408477 0.345750 0.021797 0.035778
9 0.373539 0.346375 0.013047 0.027972
9 0.724820 0.337681 0.023578 0.022083
9 0.749797 0.339972 0.019750 0.014611
9 0.478797 0.352250 0.018656 0.013000
9 0.430609 0.347292 0.027781 0.024306
9 0.284539 0.355667 0.014797 0.014778
9 0.188719 0.357153 0.010531 0.007417
42 0.190414 0.587708 0.017484 0.147972
1 0.404398 0.602861 0.029328 0.130333
1 0.002852 0.380500 0.005703 0.039611
1 0.101617 0.377556 0.003109 0.025667
9 0.651953 0.319986 0.015719 0.062972
9 0.695953 0.324542 0.025094 0.026694
9 0.799289 0.330236 0.023891 0.022139
