64 0.446883 0.696385 0.136609 0.170376
63 0.247422 0.674202 0.218469 0.340610
63 0.938023 0.878498 0.123953 0.221502
63 0.304211 0.786408 0.608422 0.427183
84 0.486977 0.792312 0.113641 0.053216
84 0.493219 0.798063 0.144250 0.071385
84 0.493898 0.827793 0.140641 0.040094
86 0.862828 0.311866 0.037031 0.109742
19 0.509125 0.664906 0.095562 0.141221
64 0.044727 0.546702 0.079016 0.131338
67 0.576141 0.865458 0.515844 0.269085
86 0.448133 0.746913 0.039984 0.080117
86 0.842203 0.298545 0.031281 0.145446
86 0.631906 0.350986 0.028031 0.081972
62 0.248883 0.671913 0.209484 0.337770
62 0.947781 0.887019 0.104438 0.225962
