44 0.698672 0.479965 0.015938 0.070328
1 0.792188 0.435105 0.156625 0.428899
1 0.599891 0.450632 0.110563 0.422389
1 0.046344 0.611511 0.092688 0.360492
1 0.299859 0.483700 0.146937 0.615738
1 0.888906 0.533583 0.109844 0.356253
1 0.520141 0.421148 0.094969 0.340984
1 0.439531 0.507892 0.223906 0.657658
1 0.826930 0.268044 0.091859 0.213372
1 0.668062 0.314391 0.116312 0.302412
39 0.620117 0.134309 0.140453 0.154192
47 0.262555 0.456136 0.028703 0.064731
1 0.953375 0.437951 0.090688 0.289953
3 0.088992 0.260094 0.105547 0.086136
15 0.386852 0.483267 0.657359 0.071967
1 0.184453 0.401628 0.117938 0.240164
1 0.072344 0.392201 0.117531 0.226183
31 0.684922 0.688735 0.079656 0.067213
