1 0.527297 0.522904 0.291406 0.588759
1 0.690250 0.253618 0.034281 0.151874
1 0.928672 0.260398 0.028875 0.128665
34 0.398266 0.577295 0.047469 0.090562
3 0.842992 0.250023 0.147484 0.093911
3 0.601445 0.244227 0.151422 0.118431
3 0.742086 0.255281 0.099984 0.092810
3 0.346484 0.250047 0.127812 0.098126
8 0.646430 0.180902 0.181172 0.028829
8 0.709578 0.206136 0.101875 0.033770
1 0.742914 0.290480 0.035422 0.076511
3 0.930484 0.249344 0.139031 0.111194
3 0.274367 0.238290 0.042141 0.069696
3 0.410305 0.220738 0.036891 0.042974
3 0.280703 0.212295 0.047250 0.023513
3 0.484164 0.251148 0.127797 0.102576
3 0.132469 0.209836 0.037750 0.050070
8 0.825656 0.183080 0.124906 0.051780
3 0.789234 0.223150 0.066062 0.039508
8 0.079422 0.236089 0.131562 0.139297
8 0.206281 0.241159 0.129219 0.116089
