37 0.356727 0.795515 0.083578 0.082787
1 0.506695 0.504461 0.229609 0.641148
1 0.743633 0.495960 0.133172 0.525269
1 0.357219 0.896780 0.261344 0.206440
1 0.091664 0.358103 0.180328 0.524778
1 0.348633 0.252506 0.168797 0.330773
1 0.372742 0.311358 0.135297 0.299953
1 0.442898 0.221054 0.073328 0.207026
1 0.471141 0.108080 0.048562 0.145574
1 0.913055 0.289895 0.173891 0.458431
1 0.244109 0.193337 0.090531 0.247283
1 0.542602 0.178630 0.130859 0.276511
1 0.852352 0.322471 0.250391 0.433700
62 0.259898 0.401920 0.279172 0.400047
62 0.834703 0.225703 0.036687 0.092389
62 0.402523 0.261382 0.025141 0.114098
62 0.039742 0.483009 0.078797 0.282131
62 0.825828 0.363665 0.234375 0.342740
62 0.570734 0.329415 0.065687 0.040281
1 0.866234 0.101745 0.145094 0.203489
31 0.632992 0.460867 0.071516 0.189508
