39 0.605063 0.246656 0.057594 0.222854
40 0.507945 0.679063 0.057328 0.071542
1 0.611578 0.531542 0.186250 0.530208
1 0.219102 0.586958 0.188766 0.460667
1 0.469117 0.347500 0.081922 0.130458
1 0.789703 0.354187 0.122188 0.254708
1 0.608211 0.061542 0.065016 0.096208
1 0.506742 0.065937 0.049078 0.090167
1 0.462484 0.057469 0.071469 0.101729
1 0.391445 0.059750 0.097297 0.108417
1 0.336547 0.057240 0.105750 0.114479
1 0.729367 0.051698 0.058047 0.103396
15 0.408852 0.384646 0.078828 0.068875
62 0.220781 0.084271 0.047188 0.047208
62 0.250258 0.017729 0.051922 0.035458
62 0.293406 0.015635 0.030312 0.028313
62 0.059062 0.048073 0.046781 0.031187
62 0.544547 0.084687 0.042594 0.034833
62 0.690359 0.086510 0.052187 0.043063
62 0.208188 0.050625 0.047031 0.035083
62 0.981109 0.042417 0.037781 0.025792
1 0.138445 0.360802 0.088359 0.131688
62 0.540836 0.047302 0.051266 0.031563
1 0.046266 0.364646 0.092531 0.137750
15 0.245125 0.389042 0.157969 0.067417
1 0.404281 0.667740 0.267937 0.345479
