2 0.677203 0.819362 0.093500 0.120426
2 0.050867 0.846330 0.101203 0.106383
1 0.675031 0.778644 0.040375 0.124840
1 0.323266 0.788511 0.054219 0.156809
1 0.130172 0.829441 0.046250 0.132287
10 0.871883 0.593989 0.050234 0.164362
31 0.047008 0.790106 0.023484 0.041117
31 0.665664 0.801330 0.018359 0.036596
3 0.239367 0.783444 0.057141 0.069388
3 0.227672 0.779136 0.044812 0.070718
6 0.468914 0.726316 0.036453 0.076995
8 0.792594 0.761755 0.039344 0.098936
8 0.756195 0.782699 0.032984 0.052207
8 0.624305 0.754282 0.030047 0.044894
8 0.596273 0.745944 0.019859 0.037527
8 0.538758 0.730811 0.014047 0.054069
27 0.342164 0.768644 0.016109 0.037606
2 0.310031 0.827035 0.100031 0.101356
3 0.367453 0.745519 0.019375 0.029867
3 0.571000 0.752540 0.022219 0.034122
3 0.554203 0.746223 0.022469 0.032234
3 0.604320 0.754388 0.020422 0.030053
3 0.736062 0.773989 0.032125 0.048723
3 0.646000 0.760093 0.019500 0.034495
3 0.656680 0.760359 0.014891 0.037420
3 0.515781 0.747340 0.013375 0.024787
3 0.621609 0.754668 0.033313 0.042261
3 0.698438 0.761769 0.021906 0.039229
8 0.863312 0.750465 0.109344 0.135931
3 0.752117 0.779947 0.022922 0.053138
27 0.330266 0.748777 0.012031 0.023032
1 0.051125 0.792261 0.038125 0.163351
