1 0.795508 0.488771 0.158422 0.330333
1 0.747414 0.391979 0.075016 0.156167
1 0.266047 0.488740 0.246625 0.227479
1 0.200359 0.441906 0.082344 0.181812
1 0.451687 0.459552 0.067406 0.173021
1 0.135422 0.439167 0.051094 0.085167
1 0.359672 0.436781 0.060031 0.142687
1 0.426852 0.452010 0.062922 0.194896
1 0.510523 0.424104 0.039453 0.099875
1 0.546969 0.424677 0.041250 0.090188
1 0.907836 0.405510 0.041828 0.072396
31 0.465422 0.464000 0.035656 0.065042
1 0.962016 0.451167 0.075969 0.167750
28 0.247625 0.153708 0.495250 0.277542
28 0.360141 0.305115 0.165500 0.071271
28 0.333422 0.354313 0.156594 0.046167
28 0.634648 0.307521 0.343609 0.138833
28 0.876859 0.268781 0.246281 0.149729
28 0.888563 0.089646 0.222875 0.179292
28 0.438805 0.354219 0.097203 0.077146
28 0.633859 0.296521 0.474031 0.501542
28 0.720406 0.347844 0.076406 0.037896
28 0.145336 0.360302 0.290672 0.227563
28 0.976367 0.270208 0.047266 0.058083
31 0.876445 0.409281 0.023672 0.041729
31 0.896516 0.412875 0.010531 0.040333
53 0.929336 0.519990 0.123641 0.055604
1 0.051680 0.490656 0.087391 0.106021
28 0.111578 0.368927 0.152625 0.046354
53 0.944828 0.576146 0.019938 0.023625
