64 0.565445 0.725844 0.062359 0.139313
64 0.665141 0.742667 0.063625 0.161208
64 0.618695 0.744823 0.048484 0.126146
3 0.072984 0.696760 0.026125 0.020479
3 0.063797 0.661406 0.008750 0.009729
3 0.182383 0.719250 0.119609 0.061500
3 0.010992 0.677687 0.013516 0.017458
3 0.049969 0.688573 0.025969 0.020688
3 0.933687 0.777094 0.126969 0.173813
3 0.112297 0.700083 0.082937 0.092542
3 0.084344 0.678729 0.021906 0.011875
3 0.087492 0.661521 0.007391 0.007625
6 0.398547 0.717719 0.232063 0.244396
1 0.715773 0.841281 0.070953 0.300104
1 0.853781 0.821979 0.075719 0.321958
1 0.269188 0.730229 0.024688 0.133000
4 0.004141 0.708104 0.008281 0.028292
8 0.120305 0.687427 0.071641 0.104146
3 0.230719 0.708792 0.061031 0.032125
13 0.246969 0.623927 0.018531 0.022854
1 0.772430 0.837875 0.066453 0.290333
3 0.035617 0.663708 0.016297 0.012250
4 0.020133 0.698094 0.011578 0.030396
4 0.061062 0.671812 0.007031 0.014875
4 0.023500 0.684719 0.011875 0.019854
64 0.531281 0.749219 0.035281 0.071771
