39 0.450836 0.558427 0.011797 0.074146
39 0.443211 0.569563 0.013516 0.055125
40 0.522961 0.456510 0.021766 0.021688
1 0.562766 0.546156 0.131812 0.251063
1 0.484586 0.508479 0.068172 0.256167
1 0.496008 0.225302 0.051672 0.074938
1 0.463445 0.217010 0.044078 0.069354
1 0.424281 0.214344 0.041188 0.070479
1 0.453445 0.116281 0.043953 0.061562
1 0.507648 0.142583 0.032234 0.057458
1 0.580852 0.136219 0.035047 0.068396
1 0.524031 0.064302 0.026438 0.065104
1 0.946680 0.284823 0.044672 0.053188
1 0.702984 0.532948 0.077281 0.247063
1 0.713633 0.253125 0.045734 0.070208
1 0.762008 0.263240 0.040328 0.064021
