44 0.951493 0.342330 0.034667 0.072460
44 0.974920 0.357200 0.024133 0.049360
1 0.878133 0.586980 0.204480 0.650600
1 0.568987 0.542820 0.240107 0.753360
1 0.370040 0.602250 0.260667 0.669660
31 0.809747 0.749200 0.126907 0.219120
1 0.688347 0.572590 0.153227 0.646940
31 0.242440 0.697330 0.064347 0.106020
52 0.167200 0.087510 0.031627 0.050060
52 0.713493 0.077210 0.132107 0.076980
52 0.237027 0.114890 0.032400 0.060300
52 0.430507 0.068940 0.093920 0.071400
52 0.361413 0.227640 0.022027 0.043360
52 0.300413 0.077190 0.114693 0.074380
52 0.500573 0.062980 0.056667 0.066680
52 0.481773 0.154840 0.046587 0.045640
52 0.528480 0.075710 0.082613 0.064780
52 0.562400 0.099470 0.083147 0.053300
52 0.121507 0.220140 0.070267 0.071800
52 0.370320 0.065510 0.052747 0.062740
53 0.285240 0.350890 0.133093 0.073580
55 0.239107 0.376420 0.024347 0.017760
55 0.263053 0.359750 0.026000 0.013660
55 0.236160 0.349670 0.029493 0.022580
55 0.289000 0.375160 0.020613 0.018320
55 0.317773 0.360990 0.024027 0.016060
55 0.342053 0.357450 0.025653 0.015580
55 0.272773 0.343940 0.032693 0.020000
55 0.299320 0.348040 0.022480 0.019040
55 0.247747 0.334280 0.026427 0.021120
1 0.181187 0.324450 0.193733 0.258020
1 0.871680 0.438560 0.256640 0.168200
52 0.126013 0.131750 0.078693 0.077740
55 0.266240 0.375720 0.032053 0.022920
55 0.290587 0.360880 0.024107 0.013080
