18 0.495375 0.522854 0.374344 0.311775
62 0.086852 0.369213 0.086984 0.250157
1 0.685180 0.628022 0.235422 0.724225
1 0.658711 0.318000 0.115922 0.336539
63 0.480656 0.671562 0.883531 0.644292
84 0.811641 0.348157 0.088750 0.110787
84 0.110469 0.292348 0.008094 0.060652
84 0.120383 0.292236 0.010891 0.065820
84 0.060461 0.458371 0.018234 0.091258
84 0.177875 0.172157 0.041313 0.062157
84 0.091578 0.292787 0.008687 0.059685
84 0.035922 0.292146 0.010187 0.066854
84 0.045117 0.291843 0.010359 0.069393
84 0.053781 0.372876 0.032844 0.068899
84 0.112180 0.362258 0.009422 0.073236
62 0.429398 0.297404 0.066828 0.128876
62 0.191484 0.294169 0.088969 0.137730
67 0.206117 0.353663 0.213141 0.073978
