77 0.501406 0.437594 0.044969 0.124187
67 0.766172 0.900177 0.467656 0.195396
1 0.280828 0.607625 0.561656 0.757833
1 0.483953 0.513510 0.454406 0.590104
1 0.885672 0.578802 0.227531 0.429229
46 0.632164 0.867844 0.102891 0.264313
46 0.970844 0.782292 0.058313 0.348208
47 0.788227 0.819073 0.080953 0.107938
49 0.867477 0.859281 0.076484 0.112937
62 0.761688 0.693146 0.112031 0.250375
85 0.538875 0.678771 0.021875 0.024708
48 0.769352 0.907990 0.043828 0.033354
50 0.911109 0.698375 0.098844 0.072333
50 0.333117 0.775323 0.062328 0.028563
51 0.489977 0.946021 0.100047 0.107958
51 0.931781 0.792635 0.134875 0.119438
51 0.638906 0.865469 0.245000 0.138354
