35 0.198711 0.728917 0.107766 0.024917
35 0.901141 0.669448 0.064875 0.047979
35 0.633453 0.608802 0.037781 0.018729
35 0.958484 0.612031 0.079438 0.015437
35 0.581469 0.546615 0.019969 0.012063
1 0.191914 0.642646 0.080578 0.210917
1 0.275297 0.535052 0.013844 0.053354
1 0.902656 0.577229 0.055219 0.189750
1 0.976211 0.542708 0.043484 0.156542
1 0.697039 0.508740 0.025766 0.076437
1 0.632930 0.509625 0.022203 0.077750
1 0.537492 0.533302 0.012703 0.038563
1 0.560367 0.525698 0.015953 0.043979
1 0.639195 0.553958 0.047641 0.124750
1 0.331922 0.535937 0.020938 0.072625
1 0.482242 0.523156 0.018953 0.063979
1 0.459164 0.521333 0.017047 0.069792
35 0.696523 0.545823 0.025109 0.008354
1 0.574344 0.514750 0.014688 0.067583
