64 0.108609 0.324401 0.028781 0.092277
64 0.200219 0.242465 0.037812 0.234883
63 0.735055 0.590329 0.462359 0.389249
84 0.369375 0.284601 0.012188 0.041737
84 0.498195 0.364237 0.023609 0.042042
84 0.210086 0.511138 0.073297 0.027160
84 0.353789 0.191948 0.006766 0.059953
84 0.397844 0.284566 0.013031 0.042981
84 0.386008 0.361913 0.013578 0.055657
84 0.389758 0.446984 0.005234 0.040070
84 0.490227 0.428674 0.002766 0.034577
84 0.524023 0.364554 0.016359 0.038826
84 0.499312 0.487923 0.086438 0.088474
84 0.390062 0.194296 0.007031 0.059343
84 0.398320 0.359718 0.014547 0.053005
86 0.314469 0.541714 0.028063 0.098779
86 0.517984 0.298873 0.042688 0.054554
86 0.067141 0.358603 0.022594 0.031479
84 0.388117 0.275869 0.008172 0.061315
64 0.066398 0.356538 0.024141 0.031244
64 0.028609 0.353580 0.029406 0.045423
86 0.193000 0.342031 0.023969 0.035376
64 0.313688 0.489941 0.029906 0.203216
64 0.155469 0.347289 0.022219 0.034812
