3 0.450781 0.836026 0.040813 0.045328
10 0.382188 0.506539 0.020750 0.085175
10 0.532523 0.534967 0.017328 0.069323
10 0.681906 0.725218 0.014969 0.020655
10 0.260430 0.489891 0.022547 0.089214
11 0.866484 0.880710 0.026719 0.061725
3 0.566641 0.844825 0.063969 0.071092
3 0.487500 0.829214 0.040094 0.046638
3 0.370375 0.829585 0.031906 0.034454
3 0.436297 0.821114 0.029437 0.034760
3 0.339938 0.824672 0.032625 0.025328
10 0.400281 0.512566 0.024281 0.081157
10 0.243367 0.549574 0.019359 0.033908
10 0.232656 0.488941 0.026406 0.087096
