64 0.901078 0.853156 0.193969 0.293687
62 0.567805 0.647979 0.137453 0.417042
62 0.851555 0.540792 0.151453 0.065125
67 0.781031 0.681729 0.437937 0.304458
1 0.456555 0.553813 0.200109 0.659208
1 0.198430 0.578479 0.262328 0.843042
47 0.649984 0.631740 0.032031 0.053937
47 0.924328 0.659333 0.033875 0.053167
47 0.936203 0.580042 0.027750 0.048167
47 0.728844 0.555323 0.028625 0.043646
31 0.414367 0.907177 0.108078 0.181396
31 0.384039 0.934917 0.148297 0.128625
48 0.720969 0.657781 0.022531 0.036813
49 0.859359 0.678115 0.019875 0.032813
49 0.782312 0.579823 0.014219 0.021188
49 0.596594 0.928115 0.036656 0.059604
50 0.722500 0.609573 0.020719 0.032438
50 0.511836 0.947656 0.089766 0.021437
49 0.984031 0.592927 0.007750 0.032479
62 0.990531 0.535813 0.018937 0.087708
62 0.736891 0.753427 0.224344 0.108396
86 0.246250 0.467875 0.031750 0.038875
46 0.261250 0.519635 0.011000 0.039813
46 0.737328 0.558625 0.025844 0.062500
50 0.806031 0.623135 0.012531 0.013896
85 0.370047 0.220458 0.023219 0.066958
47 0.737141 0.552010 0.023781 0.048396
46 0.684094 0.612000 0.029094 0.066833
