1 0.723680 0.052302 0.098920 0.104605
1 0.787450 0.492133 0.368340 0.970767
15 0.314290 0.471851 0.624580 0.416659
31 0.762560 0.443397 0.306080 0.216456
16 0.303230 0.030576 0.032060 0.026388
16 0.233560 0.009684 0.018720 0.019368
16 0.277790 0.030892 0.023180 0.018397
44 0.150230 0.596964 0.080220 0.058126
1 0.424780 0.059458 0.066560 0.092596
16 0.390490 0.015711 0.010900 0.014266
16 0.348790 0.029695 0.023940 0.028646
16 0.253250 0.032111 0.028580 0.031580
16 0.615740 0.026377 0.028840 0.017133
16 0.279190 0.018104 0.015860 0.014898
1 0.528080 0.063871 0.074880 0.127743
