16 0.479312 0.726371 0.048969 0.132742
20 0.308367 0.444816 0.047172 0.059447
20 0.265625 0.465956 0.053906 0.070760
20 0.460930 0.597235 0.167641 0.238756
20 0.109867 0.756659 0.129516 0.296129
20 0.441750 0.496636 0.060875 0.064332
20 0.459922 0.460035 0.041781 0.095691
20 0.648227 0.770968 0.129797 0.384931
16 0.779961 0.564770 0.046953 0.109862
20 0.283766 0.553341 0.112719 0.134977
20 0.512953 0.446118 0.036937 0.089332
20 0.665937 0.438203 0.079250 0.076406
20 0.942750 0.650945 0.114500 0.234931
20 0.762570 0.493099 0.050203 0.124447
20 0.044531 0.457569 0.043719 0.087074
20 0.530547 0.442235 0.028719 0.097465
20 0.277336 0.423030 0.020953 0.023203
16 0.500922 0.347673 0.021000 0.030968
