64 0.965453 0.524988 0.069094 0.250590
64 0.607594 0.463538 0.045531 0.057500
64 0.660109 0.452358 0.033281 0.051509
3 0.169016 0.506238 0.336500 0.205731
1 0.693844 0.666663 0.111125 0.533325
1 0.543164 0.685354 0.140266 0.607406
1 0.389875 0.725578 0.118875 0.390165
1 0.209570 0.685566 0.136703 0.603160
1 0.823648 0.488278 0.034516 0.172217
1 0.770391 0.483620 0.020000 0.161392
28 0.171953 0.334835 0.227781 0.170802
28 0.411461 0.428703 0.188766 0.271887
28 0.859766 0.302252 0.177156 0.191014
28 0.722047 0.340601 0.214375 0.155071
28 0.565945 0.354717 0.246578 0.206274
31 0.130805 0.544139 0.065453 0.179976
31 0.629547 0.619399 0.056375 0.145731
31 0.846539 0.481887 0.021234 0.064717
31 0.589359 0.534741 0.043906 0.178066
1 0.277391 0.424540 0.041594 0.085637
31 0.456859 0.578679 0.042344 0.076368
31 0.818297 0.455083 0.026875 0.061297
1 0.893977 0.525755 0.094609 0.418160
31 0.343680 0.668962 0.023016 0.148255
64 0.488172 0.024446 0.020063 0.048797
64 0.203320 0.024552 0.019016 0.029198
64 0.167523 0.075483 0.107141 0.140873
