85 0.314750 0.434031 0.049906 0.094229
1 0.838484 0.728240 0.096062 0.458437
1 0.307117 0.656729 0.045109 0.196625
1 0.551523 0.658844 0.038547 0.166812
1 0.485703 0.651135 0.035031 0.142937
1 0.339172 0.641906 0.043438 0.165396
31 0.571562 0.690542 0.014063 0.051958
31 0.528664 0.652948 0.019984 0.056271
1 0.506711 0.662677 0.040016 0.160396
1 0.349266 0.593927 0.016625 0.055271
1 0.281203 0.589760 0.010063 0.037479
3 0.727023 0.602229 0.086891 0.082917
3 0.668797 0.596042 0.071438 0.067083
3 0.607578 0.591823 0.065938 0.055187
3 0.568164 0.600323 0.050828 0.060021
3 0.522195 0.591760 0.043828 0.045896
16 0.732062 0.862344 0.015125 0.029229
27 0.306008 0.615792 0.038359 0.082292
31 0.393734 0.685208 0.024625 0.048792
1 0.426305 0.726646 0.083859 0.303958
1 0.377109 0.632385 0.030969 0.100687
3 0.550313 0.559375 0.033500 0.025458
3 0.774844 0.612240 0.075250 0.085396
3 0.497922 0.563562 0.033719 0.018500
3 0.592187 0.557844 0.043531 0.013896
3 0.520477 0.559510 0.024547 0.017479
31 0.476055 0.628312 0.028797 0.062000
1 0.413484 0.582031 0.030875 0.065896
