67 0.500000 0.501173 1.000000 0.997653
51 0.250000 0.141160 0.268440 0.143173
1 0.095930 0.094467 0.191860 0.188933
52 0.567970 0.520213 0.279780 0.200000
52 0.374200 0.484573 0.235720 0.166053
52 0.247710 0.410960 0.187340 0.138187
52 0.739040 0.427413 0.137120 0.165067
52 0.820480 0.360960 0.133560 0.123413
52 0.323870 0.360160 0.059540 0.077440
52 0.483460 0.370573 0.088720 0.126533
52 0.634130 0.303360 0.057540 0.107520
54 0.534180 0.450520 0.744160 0.596347
51 0.837110 0.108293 0.325780 0.216587
