72 0.690344 0.296148 0.185271 0.165328
62 0.182083 0.577422 0.358417 0.458063
62 0.250896 0.890320 0.392833 0.219359
62 0.208125 0.286062 0.163792 0.137125
72 0.978438 0.677297 0.043125 0.155406
72 0.803594 0.254055 0.152479 0.131453
1 0.805729 0.113477 0.174000 0.226953
1 0.928156 0.105031 0.143687 0.204437
73 0.548844 0.741984 0.310229 0.281875
73 0.537729 0.643242 0.226417 0.125922
76 0.846010 0.880531 0.307979 0.212531
76 0.525771 0.775852 0.108583 0.129078
76 0.486615 0.485023 0.212646 0.132234
76 0.385427 0.403805 0.057229 0.039234
1 0.709542 0.095883 0.110125 0.191641
47 0.722740 0.684633 0.090271 0.155453
62 0.260875 0.172992 0.108417 0.119391
73 0.268542 0.171250 0.081042 0.050969
73 0.391271 0.376734 0.170292 0.112125
76 0.275417 0.187133 0.055208 0.012266
1 0.094490 0.125125 0.174646 0.247562
72 0.509563 0.151039 0.089958 0.101203
72 0.368781 0.213687 0.128938 0.097219
72 0.397948 0.138758 0.053562 0.064516
72 0.600573 0.186211 0.089646 0.110141
62 0.205177 0.372305 0.213896 0.173703
