85 0.476080 0.234555 0.191549 0.126016
84 0.559789 0.841453 0.080094 0.226562
84 0.238498 0.835867 0.100235 0.249078
84 0.481080 0.844570 0.070892 0.233703
84 0.666772 0.837227 0.097911 0.235953
84 0.342676 0.841570 0.084413 0.235953
84 0.297336 0.858648 0.053498 0.205266
84 0.156995 0.858578 0.070892 0.206750
84 0.110575 0.851766 0.102136 0.220062
84 0.065833 0.841570 0.097911 0.235953
84 0.011209 0.883227 0.022418 0.162359
84 0.949707 0.888227 0.100587 0.073234
84 0.952371 0.929500 0.095258 0.061750
