5 0.526727 0.468333 0.657484 0.291208
5 0.091813 0.387906 0.182219 0.199979
5 0.677047 0.385781 0.335437 0.166479
1 0.837250 0.592406 0.011875 0.043396
8 0.166078 0.504635 0.035250 0.030937
8 0.693789 0.920802 0.323828 0.127521
8 0.795070 0.605708 0.071203 0.078333
3 0.889047 0.443292 0.020000 0.014917
3 0.861055 0.445927 0.036797 0.024521
5 0.974187 0.433969 0.051625 0.088063
8 0.252555 0.488469 0.027641 0.018229
8 0.127219 0.506292 0.040250 0.027500
1 0.066406 0.501354 0.005094 0.013958
1 0.079961 0.498865 0.007422 0.016521
1 0.097859 0.502271 0.008844 0.020500
1 0.128516 0.489260 0.006969 0.008604
