82 0.313055 0.482904 0.103078 0.348665
62 0.760602 0.774204 0.111203 0.092155
34 0.179781 0.171628 0.123625 0.220726
34 0.450719 0.091452 0.070156 0.105152
34 0.806906 0.669005 0.067500 0.039180
34 0.260461 0.699110 0.046266 0.140937
34 0.391969 0.853021 0.090625 0.095082
1 0.251445 0.625913 0.134016 0.655293
1 0.124711 0.431112 0.249203 0.448548
1 0.514258 0.496628 0.158922 0.692131
1 0.643625 0.601440 0.155438 0.489063
1 0.376539 0.778302 0.134703 0.443396
1 0.124445 0.746066 0.248891 0.507869
1 0.892062 0.549438 0.215875 0.433724
1 0.575992 0.584578 0.069391 0.347799
1 0.972594 0.369368 0.054813 0.362623
15 0.633594 0.704567 0.185938 0.142857
15 0.728594 0.685948 0.044406 0.103700
67 0.731969 0.565738 0.044375 0.058548
