67 0.492977 0.596625 0.982578 0.775292
50 0.926617 0.773250 0.136047 0.054875
51 0.925773 0.880198 0.148453 0.189771
51 0.506023 0.446833 0.198516 0.215042
51 0.221188 0.359281 0.121969 0.110354
51 0.170711 0.482052 0.180141 0.164813
51 0.244180 0.128823 0.207703 0.182812
51 0.432562 0.663698 0.098594 0.132438
51 0.837187 0.613250 0.154625 0.198125
57 0.811859 0.457260 0.049219 0.044021
47 0.784875 0.831844 0.151375 0.242396
51 0.343836 0.496104 0.146109 0.176625
62 0.029703 0.050667 0.058937 0.099708
51 0.616812 0.656490 0.117438 0.140271
56 0.742391 0.277333 0.093188 0.101167
47 0.432594 0.663010 0.092406 0.129021
