44 0.155906 0.870479 0.031031 0.079667
44 0.941266 0.197208 0.012969 0.056208
44 0.986805 0.208448 0.014672 0.038146
62 0.843234 0.907677 0.313531 0.184646
62 0.898492 0.722813 0.203016 0.187917
67 0.412438 0.815052 0.764031 0.340271
67 0.789602 0.628083 0.298422 0.118958
1 0.410016 0.547583 0.194188 0.334792
1 0.900836 0.439760 0.136516 0.157313
1 0.107023 0.703583 0.214047 0.592833
67 0.880797 0.576177 0.237969 0.079687
46 0.396531 0.735698 0.059250 0.200313
47 0.294016 0.780292 0.052844 0.130542
47 0.968086 0.532635 0.043359 0.069687
67 0.925859 0.542750 0.148281 0.055875
47 0.911930 0.514729 0.032859 0.036792
50 0.150383 0.814063 0.110578 0.062125
62 0.979773 0.622844 0.040453 0.021896
15 0.817211 0.477927 0.107141 0.155854
15 0.678609 0.548219 0.198125 0.303479
15 0.412984 0.580510 0.346750 0.319479
31 0.822258 0.886677 0.287141 0.199563
44 0.178609 0.884094 0.035844 0.078437
47 0.557148 0.689083 0.047391 0.102417
48 0.501039 0.815771 0.111828 0.057583
49 0.124219 0.811896 0.065375 0.047083
49 0.517148 0.819396 0.105078 0.051875
50 0.327391 0.709146 0.025000 0.050000
50 0.553664 0.648823 0.004453 0.054229
15 0.125469 0.606448 0.250937 0.322354
27 0.845844 0.869031 0.264375 0.172687
63 0.413891 0.576125 0.342594 0.293833
63 0.702773 0.554323 0.238891 0.328396
63 0.812648 0.473406 0.108203 0.175063
