4 0.492820 0.737082 0.606960 0.503366
1 0.521590 0.548765 0.653380 0.901114
1 0.344320 0.456925 0.306280 0.510121
1 0.886190 0.490678 0.046380 0.161985
1 0.920320 0.473765 0.038320 0.166465
10 0.205840 0.379201 0.013960 0.017337
10 0.161030 0.374528 0.006740 0.007603
10 0.759480 0.316223 0.037840 0.041308
10 0.162870 0.381864 0.009060 0.009298
3 0.126920 0.445775 0.027320 0.036489
3 0.165260 0.444588 0.035320 0.032470
3 0.918770 0.414782 0.126900 0.060412
8 0.268600 0.445266 0.041840 0.043608
8 0.204400 0.443777 0.040960 0.046780
10 0.197260 0.013983 0.026320 0.027966
31 0.533350 0.769613 0.191980 0.268765
1 0.085390 0.451090 0.020940 0.048571
1 0.300970 0.456017 0.023980 0.051308
10 0.181650 0.405666 0.008140 0.008136
