6 0.672766 0.622000 0.080063 0.124542
6 0.885953 0.633333 0.228094 0.229208
1 0.480555 0.614240 0.018359 0.053979
1 0.554414 0.625188 0.013828 0.034542
1 0.619094 0.643927 0.018719 0.071563
1 0.761789 0.653135 0.014359 0.088146
1 0.778945 0.656094 0.021453 0.095104
1 0.598531 0.641021 0.017563 0.051083
1 0.593000 0.633781 0.010281 0.035937
1 0.573828 0.629208 0.011687 0.035958
1 0.611844 0.634094 0.012375 0.041521
1 0.725609 0.660219 0.040000 0.134896
27 0.403875 0.664677 0.024313 0.036437
27 0.417391 0.675906 0.023031 0.035979
27 0.439187 0.682333 0.023656 0.033625
27 0.544305 0.681510 0.028547 0.046146
1 0.418586 0.617031 0.016641 0.070813
1 0.544609 0.636042 0.014938 0.043333
27 0.560039 0.682844 0.019547 0.030271
27 0.523320 0.681802 0.028422 0.043312
27 0.461789 0.664656 0.011297 0.018896
27 0.749945 0.626177 0.015078 0.044813
27 0.490922 0.677312 0.025812 0.038625
1 0.633000 0.636917 0.006281 0.035333
