62 0.953625 0.554843 0.092750 0.218766
62 0.211836 0.744278 0.175828 0.367720
62 0.550633 0.543588 0.137359 0.086088
62 0.420180 0.841077 0.233047 0.317845
62 0.757617 0.823828 0.235828 0.352343
62 0.867938 0.597165 0.150594 0.231276
62 0.956273 0.387782 0.068922 0.129707
62 0.800883 0.361569 0.035922 0.065983
67 0.974680 0.359027 0.050641 0.019351
1 0.703242 0.483149 0.134266 0.557301
34 0.708219 0.378734 0.080437 0.107720
67 0.982234 0.493065 0.035531 0.039226
28 0.911258 0.248159 0.028297 0.106862
28 0.793758 0.249278 0.118172 0.138347
28 0.826062 0.235638 0.043062 0.142573
62 0.911984 0.385282 0.053062 0.092071
62 0.871672 0.341318 0.026656 0.054310
62 0.857234 0.327071 0.018594 0.031464
67 0.940594 0.353316 0.029844 0.011653
67 0.484008 0.634268 0.331453 0.139540
28 0.927547 0.046893 0.144906 0.065669
62 0.844977 0.356433 0.026016 0.043996
62 0.798961 0.315115 0.024047 0.011402
