18 0.452484 0.507746 0.490812 0.753521
62 0.398477 0.681608 0.408922 0.605376
47 0.028305 0.447746 0.040859 0.058404
84 0.951555 0.273075 0.096891 0.050704
84 0.814102 0.490387 0.156359 0.031526
84 0.960633 0.398709 0.073859 0.033850
84 0.960562 0.445153 0.078875 0.034718
84 0.948562 0.476772 0.102875 0.056690
84 0.950508 0.239460 0.098984 0.048169
84 0.952516 0.339296 0.094969 0.029343
84 0.954875 0.359272 0.089906 0.021831
84 0.078453 0.490481 0.156094 0.036174
84 0.166477 0.442500 0.123703 0.037488
