27 0.409883 0.419792 0.075672 0.083458
1 0.712094 0.400740 0.008063 0.026313
1 0.715320 0.488844 0.024828 0.068146
1 0.396070 0.523594 0.165172 0.408979
1 0.695680 0.403781 0.010234 0.034104
1 0.671180 0.406562 0.013141 0.035542
1 0.734414 0.366656 0.008516 0.025729
1 0.707336 0.318729 0.008859 0.017542
1 0.755242 0.412094 0.015953 0.036021
1 0.821664 0.367240 0.010172 0.023354
1 0.764891 0.405906 0.011656 0.030437
1 0.689242 0.448094 0.014141 0.056146
1 0.818508 0.290771 0.003516 0.008875
1 0.752703 0.308021 0.006781 0.014458
35 0.714187 0.520521 0.007844 0.005292
35 0.377234 0.718177 0.104469 0.058771
35 0.671414 0.424177 0.014484 0.004229
