5 0.411867 0.620041 0.127141 0.075041
5 0.419016 0.448443 0.167500 0.108730
5 0.650102 0.542080 0.140703 0.088996
5 0.181625 0.442633 0.140500 0.114611
5 0.146031 0.541383 0.104313 0.065717
5 0.084203 0.756445 0.152406 0.083709
5 0.227211 0.795523 0.124984 0.079447
5 0.413312 0.780389 0.166656 0.079877
5 0.738914 0.432930 0.095109 0.052828
5 0.793422 0.373781 0.080094 0.059283
5 0.877305 0.324652 0.092609 0.057213
5 0.832156 0.683791 0.160000 0.090164
3 0.049766 0.271137 0.008125 0.013627
3 0.087570 0.187234 0.007297 0.010902
3 0.125500 0.070717 0.008250 0.014180
3 0.141617 0.025451 0.008641 0.009795
3 0.084023 0.164375 0.011797 0.022971
3 0.024398 0.477592 0.012609 0.016537
3 0.020320 0.391926 0.010422 0.016475
8 0.367094 0.923309 0.035781 0.020881
5 0.531125 0.610963 0.075875 0.041598
