62 0.434828 0.570896 0.049812 0.096167
62 0.467570 0.534292 0.026953 0.034292
62 0.644562 0.565885 0.072156 0.100937
62 0.411430 0.566698 0.028984 0.093771
62 0.695648 0.552656 0.041047 0.071938
62 0.650867 0.509583 0.020234 0.010875
62 0.588867 0.562719 0.047859 0.092062
3 0.019070 0.514729 0.035266 0.078917
1 0.624711 0.500073 0.037891 0.043896
11 0.485047 0.833521 0.296281 0.309250
3 0.231180 0.483760 0.054672 0.014479
3 0.089953 0.523958 0.141969 0.075333
28 0.567437 0.395375 0.127750 0.038292
28 0.679828 0.423885 0.078125 0.038271
28 0.710680 0.443146 0.016672 0.020417
28 0.712578 0.418896 0.012687 0.011708
62 0.562156 0.565896 0.037875 0.098750
62 0.491742 0.561917 0.054391 0.097208
62 0.671687 0.564000 0.018313 0.078208
62 0.538453 0.539042 0.027781 0.033167
62 0.521578 0.556708 0.025000 0.081250
64 0.514602 0.490990 0.213453 0.052771
67 0.465289 0.524813 0.045016 0.008208
67 0.609484 0.522542 0.036625 0.010375
67 0.685266 0.514177 0.052844 0.008104
62 0.684414 0.546823 0.020672 0.061604
