63 0.372820 0.598885 0.147609 0.127066
67 0.657766 0.724460 0.304250 0.171690
72 0.514797 0.452042 0.109000 0.090329
15 0.156109 0.621854 0.106031 0.068310
53 0.641578 0.659695 0.040719 0.024507
62 0.622992 0.862923 0.124141 0.247207
62 0.880844 0.690059 0.082156 0.174624
62 0.756086 0.722852 0.102984 0.169178
62 0.669789 0.661502 0.072828 0.101315
62 0.555617 0.709707 0.073453 0.188427
62 0.769227 0.848498 0.123359 0.271315
62 0.208758 0.737453 0.154953 0.174343
62 0.177250 0.929214 0.351500 0.119085
62 0.514961 0.769941 0.084859 0.223967
62 0.689453 0.597793 0.045156 0.065587
72 0.511117 0.581150 0.094672 0.101315
