1 0.375251 0.559422 0.606402 0.858750
1 0.090795 0.632992 0.174686 0.734016
88 0.761935 0.676609 0.087762 0.067500
88 0.840199 0.682914 0.089979 0.064641
88 0.846046 0.638609 0.084937 0.036187
88 0.688891 0.653813 0.061715 0.052469
88 0.822008 0.614141 0.058285 0.035406
88 0.871548 0.569875 0.046904 0.027906
88 0.893389 0.659195 0.065314 0.047016
88 0.883609 0.731953 0.072448 0.045906
88 0.699069 0.592961 0.057594 0.026891
88 0.785366 0.640867 0.054916 0.031453
88 0.797301 0.525141 0.171381 0.122719
88 0.776747 0.592250 0.070146 0.038437
88 0.907082 0.555469 0.075460 0.064031
