21 0.263445 0.680410 0.222391 0.322131
21 0.364266 0.476546 0.067687 0.067658
21 0.299008 0.476932 0.048359 0.059344
21 0.506719 0.472635 0.068219 0.067190
21 0.190172 0.474520 0.042719 0.043138
21 0.433812 0.451967 0.028344 0.028478
21 0.463484 0.447447 0.024094 0.036112
21 0.837617 0.508466 0.070609 0.078618
21 0.965461 0.457389 0.045922 0.056792
21 0.261836 0.483934 0.023266 0.045480
21 0.383602 0.462084 0.017484 0.035644
21 0.932656 0.432611 0.028094 0.037119
21 0.803961 0.394532 0.034797 0.028548
