1 0.904871 0.604883 0.190258 0.255703
1 0.593396 0.209977 0.093443 0.080766
1 0.382471 0.566281 0.358852 0.286219
1 0.102354 0.367547 0.132670 0.140437
1 0.436499 0.368242 0.120492 0.162953
1 0.635773 0.389195 0.151311 0.149641
1 0.550855 0.407164 0.091124 0.118359
1 0.783009 0.612406 0.204473 0.238594
1 0.269508 0.376961 0.131850 0.137703
1 0.368677 0.126742 0.042646 0.057828
40 0.690703 0.657211 0.026792 0.026891
39 0.581885 0.539977 0.070937 0.029641
1 0.717037 0.154227 0.068829 0.067422
1 0.753841 0.340531 0.081218 0.049625
1 0.455492 0.146758 0.077869 0.075328
