63 0.814844 0.733325 0.367812 0.520428
63 0.045070 0.898492 0.087328 0.182019
85 0.282570 0.268527 0.040672 0.060998
84 0.501719 0.563836 0.010531 0.073943
84 0.515930 0.555903 0.005609 0.076223
84 0.736156 0.976817 0.088813 0.046366
64 0.084500 0.274169 0.166719 0.148242
84 0.509289 0.565154 0.012234 0.075392
84 0.540383 0.558527 0.013828 0.069074
84 0.530922 0.559608 0.007187 0.066865
84 0.521203 0.562862 0.005375 0.063112
84 0.493586 0.567316 0.012797 0.074394
84 0.479320 0.571176 0.006859 0.072138
84 0.488086 0.571330 0.014141 0.066936
86 0.570133 0.903943 0.044672 0.160760
86 0.464383 0.423147 0.033359 0.078361
