1 0.574148 0.523958 0.266547 0.487775
1 0.926828 0.164438 0.048313 0.255855
1 0.791086 0.077447 0.056828 0.154895
1 0.566297 0.088372 0.040469 0.176745
41 0.680398 0.735878 0.091266 0.127775
31 0.652914 0.051593 0.037359 0.054848
1 0.961234 0.179766 0.077531 0.294286
1 0.891969 0.145902 0.056656 0.280890
1 0.857930 0.135831 0.030453 0.168618
31 0.325766 0.086429 0.029625 0.035105
1 0.506953 0.072904 0.043531 0.145293
1 0.683703 0.061557 0.034406 0.082553
1 0.541508 0.082506 0.036266 0.165012
1 0.473203 0.074215 0.037781 0.146651
1 0.825562 0.149344 0.047406 0.216674
1 0.286672 0.054204 0.038187 0.107049
