18 0.249217 0.360609 0.190304 0.143437
67 0.498446 0.786383 0.996893 0.248828
54 0.657407 0.672148 0.267056 0.089953
54 0.491484 0.802281 0.126519 0.109813
54 0.651659 0.511852 0.162523 0.099922
47 0.418972 0.672211 0.134486 0.187484
47 0.183984 0.744352 0.182033 0.078984
54 0.533855 0.636625 0.083458 0.050781
54 0.469790 0.526633 0.071308 0.077484
54 0.484287 0.685359 0.136098 0.061344
54 0.755888 0.803289 0.108879 0.075359
54 0.540958 0.833844 0.076215 0.091000
47 0.974743 0.738422 0.046121 0.082250
54 0.673236 0.815008 0.090818 0.091109
54 0.461414 0.785906 0.153808 0.085969
61 0.598329 0.807930 0.098014 0.107203
1 0.403937 0.488312 0.621425 0.405187
54 0.600736 0.808445 0.090958 0.113172
54 0.723551 0.760344 0.066542 0.044500
54 0.529054 0.531305 0.089463 0.077828
54 0.436542 0.772016 0.057617 0.060875
