1 0.683500 0.500925 0.223094 0.453326
1 0.483523 0.557295 0.232391 0.435948
1 0.208055 0.579731 0.280922 0.375105
1 0.487687 0.051218 0.045500 0.079297
39 0.825906 0.384637 0.091719 0.026557
40 0.571383 0.374450 0.047422 0.057190
1 0.390398 0.270796 0.082203 0.199110
1 0.471703 0.263396 0.090063 0.185855
1 0.291102 0.116370 0.026141 0.044262
1 0.257570 0.107248 0.041703 0.068595
1 0.595062 0.097974 0.048094 0.063068
1 0.843938 0.257506 0.023719 0.106066
1 0.702070 0.094215 0.038109 0.054005
1 0.687672 0.244145 0.077938 0.181546
1 0.030719 0.281874 0.060156 0.247260
