37 0.226883 0.398760 0.022234 0.017604
1 0.482867 0.578646 0.146641 0.698875
1 0.388508 0.584458 0.111484 0.630625
1 0.163562 0.359260 0.033437 0.080771
1 0.060664 0.445052 0.102953 0.145812
1 0.555664 0.366021 0.016609 0.076208
1 0.986609 0.356198 0.014406 0.060604
1 0.131250 0.360521 0.041219 0.068125
1 0.031797 0.401594 0.014688 0.088313
1 0.968961 0.355271 0.019203 0.060583
15 0.211797 0.606396 0.189406 0.282500
15 0.126336 0.518094 0.118422 0.174229
1 0.048555 0.367781 0.026859 0.035646
15 0.092164 0.474365 0.061891 0.103271
38 0.308789 0.095604 0.063516 0.045708
38 0.262773 0.046125 0.026328 0.022417
38 0.255219 0.134156 0.035813 0.012979
1 0.527320 0.347052 0.009297 0.030979
1 0.964742 0.812292 0.070516 0.375417
38 0.557141 0.393510 0.607781 0.412979
38 0.445852 0.007010 0.016797 0.011396
38 0.465430 0.061937 0.010234 0.009625
38 0.631539 0.219958 0.012547 0.009000
38 0.088688 0.131135 0.055437 0.061771
1 0.013195 0.370719 0.019672 0.037937
15 0.252359 0.403375 0.153906 0.064458
38 0.504508 0.124521 0.012016 0.009792
38 0.540562 0.188802 0.007406 0.009521
38 0.261984 0.160948 0.027687 0.014771
38 0.049539 0.024750 0.050922 0.045500
