44 0.212370 0.518507 0.197460 0.787893
67 0.501400 0.667413 0.985960 0.629227
1 0.661510 0.276560 0.544380 0.552800
47 0.901200 0.467453 0.197600 0.448080
48 0.717060 0.804053 0.359800 0.227467
49 0.630260 0.804480 0.439200 0.293547
49 0.832590 0.889520 0.246060 0.202240
50 0.620300 0.754853 0.312520 0.171200
51 0.642070 0.505707 0.124820 0.133707
56 0.577370 0.406960 0.072660 0.130773
48 0.043840 0.535800 0.087680 0.075440
54 0.450720 0.475360 0.353080 0.318880
49 0.018250 0.605813 0.034700 0.090400
