7 0.236414 0.505157 0.232828 0.224930
1 0.236281 0.644843 0.019125 0.105280
1 0.267648 0.564091 0.011359 0.065035
3 0.746086 0.681818 0.099109 0.110629
3 0.593500 0.568479 0.068031 0.053252
3 0.563961 0.546573 0.044453 0.049510
3 0.768625 0.522325 0.045062 0.032413
3 0.766609 0.510769 0.037656 0.021469
3 0.375898 0.847517 0.244984 0.228252
3 0.923281 0.526696 0.046750 0.031434
3 0.886055 0.515140 0.022484 0.031189
3 0.338547 0.496976 0.027281 0.049196
3 0.872867 0.507797 0.020891 0.025315
7 0.062070 0.470350 0.124141 0.134056
8 0.751141 0.485455 0.031781 0.023566
8 0.593688 0.568409 0.070219 0.052063
8 0.391977 0.461486 0.023234 0.044231
8 0.373562 0.842448 0.242062 0.260420
