72 0.156800 0.384745 0.152320 0.251111
44 0.465480 0.400000 0.014320 0.077417
44 0.499870 0.391066 0.017540 0.075285
44 0.446520 0.411471 0.016160 0.054474
62 0.669050 0.741246 0.218140 0.321712
62 0.718090 0.465390 0.084340 0.288919
72 0.343610 0.514339 0.043740 0.126877
1 0.586590 0.588559 0.212740 0.359159
74 0.491600 0.512658 0.016320 0.021111
76 0.497430 0.597282 0.036540 0.122613
3 0.711620 0.240991 0.147200 0.113874
44 0.521310 0.388498 0.015180 0.092132
84 0.946350 0.140646 0.046060 0.110420
84 0.905870 0.440135 0.093900 0.079790
84 0.932330 0.513649 0.077980 0.080571
