21 0.721734 0.406646 0.092281 0.167875
21 0.655695 0.154740 0.035828 0.039479
21 0.538484 0.154323 0.032250 0.034479
21 0.345125 0.138854 0.026656 0.030000
21 0.142734 0.167906 0.027469 0.011729
21 0.059828 0.325437 0.039188 0.098542
21 0.880758 0.131646 0.025172 0.022375
1 0.616969 0.538271 0.118594 0.142625
1 0.692250 0.567135 0.094937 0.095438
1 0.551047 0.119667 0.012219 0.033417
21 0.683664 0.150000 0.032578 0.041167
21 0.114609 0.161240 0.020938 0.033354
21 0.106680 0.165594 0.013891 0.024771
21 0.567211 0.119333 0.019578 0.028125
21 0.014570 0.255531 0.029141 0.035729
1 0.763656 0.559198 0.074719 0.066562
21 0.518586 0.129333 0.020703 0.021792
