16 0.219469 0.769878 0.021094 0.045232
16 0.065969 0.701149 0.042625 0.129095
16 0.333648 0.757934 0.043234 0.075379
16 0.378617 0.753105 0.039703 0.070122
9 0.238898 0.318570 0.186016 0.090978
9 0.053812 0.358912 0.025562 0.069609
9 0.607992 0.328020 0.085141 0.057555
9 0.451531 0.336907 0.167344 0.033863
1 0.527445 0.596491 0.153297 0.357188
1 0.717688 0.586345 0.154406 0.407164
1 0.851648 0.475587 0.114641 0.463741
16 0.306445 0.735196 0.020953 0.080171
16 0.400344 0.759254 0.025031 0.035917
16 0.505461 0.757017 0.022484 0.048264
15 0.622586 0.651235 0.525859 0.275770
27 0.874625 0.717298 0.108000 0.130733
33 0.597820 0.486540 0.030516 0.057433
16 0.341859 0.737384 0.022406 0.026357
16 0.333602 0.725831 0.014266 0.026235
16 0.528078 0.747200 0.040063 0.057188
16 0.452227 0.721968 0.017172 0.024621
16 0.405336 0.720122 0.013766 0.032469
