1 0.850023 0.641159 0.210453 0.695761
35 0.651266 0.925164 0.219937 0.149672
35 0.446422 0.814087 0.091344 0.110000
35 0.890523 0.899977 0.218953 0.140656
35 0.100625 0.732354 0.097437 0.080351
1 0.503758 0.646066 0.167922 0.613489
1 0.442734 0.585796 0.097656 0.478337
1 0.333344 0.584461 0.090312 0.415667
1 0.224648 0.635141 0.160797 0.668923
1 0.941500 0.585410 0.071125 0.458923
1 0.681398 0.607623 0.157078 0.452904
1 0.298641 0.552670 0.070500 0.404169
1 0.896609 0.441780 0.056656 0.184871
35 0.594273 0.772810 0.112391 0.024871
1 0.782820 0.560281 0.051578 0.337096
35 0.348656 0.779473 0.073406 0.091077
35 0.582906 0.947272 0.086594 0.105457
