18 0.470494 0.301430 0.134118 0.107234
2 0.876365 0.467133 0.247271 0.270859
3 0.412024 0.237484 0.139953 0.066469
1 0.614200 0.459547 0.558376 0.703375
1 0.829082 0.273031 0.250400 0.276406
1 0.168341 0.283719 0.188494 0.237781
2 0.508071 0.680312 0.353129 0.596063
10 0.577612 0.077836 0.037482 0.055891
10 0.528976 0.073234 0.061341 0.070906
1 0.549376 0.220711 0.060776 0.070484
1 0.513024 0.217578 0.040682 0.068875
1 0.250706 0.214953 0.014024 0.032781
1 0.330953 0.213336 0.017718 0.038547
2 0.174282 0.406180 0.152282 0.146078
6 0.075659 0.259586 0.143271 0.182672
6 0.087365 0.145922 0.169882 0.043281
31 0.601200 0.336961 0.198541 0.226234
2 0.977576 0.548055 0.044847 0.166797
6 0.415906 0.196813 0.155906 0.061687
1 0.964718 0.336234 0.065153 0.114875
1 0.240471 0.215133 0.014824 0.035422
