72 0.160422 0.318548 0.281875 0.298876
62 0.110836 0.838934 0.221672 0.316089
1 0.877844 0.635773 0.243000 0.709063
84 0.347391 0.436183 0.004719 0.044778
84 0.369063 0.519122 0.029187 0.034075
84 0.142891 0.107213 0.285250 0.214098
84 0.373117 0.440398 0.005203 0.042342
84 0.389813 0.510995 0.006219 0.032014
84 0.320797 0.316593 0.008125 0.070890
79 0.579891 0.538372 0.022375 0.119321
84 0.331469 0.516827 0.008625 0.057869
84 0.339164 0.514496 0.008797 0.052974
84 0.411187 0.502857 0.042250 0.046089
84 0.383031 0.515293 0.007875 0.027260
84 0.359859 0.436967 0.011500 0.048173
84 0.377359 0.440269 0.004687 0.043536
75 0.786398 0.399766 0.064859 0.129133
82 0.552602 0.490211 0.045203 0.315363
84 0.348203 0.523419 0.008156 0.036674
31 0.730492 0.590304 0.042984 0.049461
