44 0.114781 0.775071 0.030719 0.134141
44 0.063086 0.784800 0.035578 0.139153
49 0.586203 0.775024 0.050875 0.039882
49 0.428687 0.560800 0.016125 0.175529
50 0.303938 0.598647 0.026625 0.211271
51 0.607344 0.740953 0.020000 0.027365
51 0.390453 0.378882 0.061594 0.069247
81 0.252195 0.871294 0.176734 0.148141
81 0.404641 0.825800 0.143500 0.102941
87 0.720469 0.771082 0.088938 0.021176
50 0.418148 0.547365 0.018453 0.142729
51 0.359164 0.584800 0.071453 0.192471
51 0.506227 0.739365 0.060266 0.067624
49 0.755461 0.575882 0.016172 0.061741
51 0.505719 0.706824 0.054250 0.042824
51 0.415687 0.394812 0.027594 0.031176
51 0.285641 0.395447 0.011437 0.033482
47 0.355492 0.394341 0.010109 0.045624
