28 0.525594 0.309424 0.286687 0.296626
1 0.514195 0.575370 0.170266 0.544856
1 0.194516 0.588786 0.215750 0.751687
1 0.086297 0.345730 0.075625 0.194588
1 0.670195 0.474825 0.068109 0.256276
1 0.723984 0.455206 0.048500 0.247654
1 0.805055 0.511687 0.125266 0.447490
1 0.925977 0.502438 0.124453 0.415658
1 0.875992 0.493693 0.070109 0.342490
1 0.080141 0.608909 0.160281 0.553621
1 0.989156 0.511235 0.021688 0.215802
1 0.423688 0.559907 0.093188 0.469815
27 0.095930 0.318344 0.051828 0.063107
32 0.942133 0.395720 0.042984 0.108230
32 0.886219 0.410802 0.032875 0.078724
32 0.164453 0.384033 0.027125 0.060700
32 0.490359 0.412377 0.013312 0.020309
32 0.814102 0.413909 0.013172 0.063580
32 0.776453 0.420288 0.009437 0.045226
64 0.344547 0.354465 0.196219 0.708930
1 0.782766 0.327716 0.025312 0.034403
