64 0.701531 0.651927 0.096937 0.346938
64 0.086602 0.719729 0.173203 0.475333
3 0.244023 0.614125 0.078609 0.040708
3 0.092703 0.594656 0.049875 0.028354
3 0.184172 0.605823 0.037687 0.047063
3 0.799906 0.629604 0.103625 0.061667
3 0.637672 0.609135 0.020219 0.033604
1 0.264656 0.608302 0.012094 0.050271
10 0.277492 0.504219 0.014578 0.010063
1 0.060188 0.577667 0.006219 0.020375
1 0.136297 0.587823 0.006469 0.026521
3 0.724148 0.614479 0.134609 0.056083
10 0.803258 0.577063 0.006859 0.013625
10 0.367906 0.508823 0.017031 0.023438
11 0.249734 0.623583 0.006531 0.020000
64 0.608844 0.603542 0.063844 0.189667
64 0.556070 0.612667 0.049672 0.166625
3 0.220070 0.595208 0.031328 0.017167
