28 0.401992 0.566719 0.185484 0.130562
28 0.532680 0.595396 0.095797 0.042583
28 0.623039 0.497531 0.751672 0.995062
28 0.377273 0.576708 0.106484 0.041292
1 0.318766 0.744031 0.459156 0.511937
1 0.718406 0.710865 0.199594 0.070479
62 0.563758 0.771448 0.054609 0.100437
62 0.614570 0.686146 0.037297 0.093583
62 0.668070 0.787156 0.613172 0.400896
62 0.686219 0.675208 0.070906 0.083833
62 0.631031 0.656052 0.026125 0.050979
1 0.581188 0.681625 0.005187 0.017833
1 0.594625 0.668469 0.007312 0.026396
1 0.598562 0.680781 0.007094 0.021313
51 0.913438 0.742198 0.018688 0.016396
62 0.252437 0.801708 0.453437 0.396583
1 0.544367 0.672573 0.012047 0.013271
1 0.486773 0.663375 0.016922 0.019542
1 0.467719 0.665427 0.005344 0.010979
1 0.591508 0.682656 0.005797 0.013979
1 0.602555 0.683792 0.004234 0.009625
28 0.497672 0.644479 0.018094 0.008208
