64 0.819885 0.450922 0.078938 0.062125
62 0.957948 0.472719 0.084104 0.079000
63 0.861292 0.610750 0.277417 0.223656
1 0.345292 0.776906 0.337833 0.414813
1 0.638990 0.462047 0.315729 0.603656
47 0.917250 0.698383 0.053125 0.056672
47 0.792156 0.748805 0.065854 0.064172
84 0.042969 0.222234 0.032521 0.144500
44 0.372010 0.843977 0.063313 0.178359
44 0.583750 0.378461 0.036500 0.104234
75 0.957323 0.702117 0.033854 0.015766
75 0.825531 0.700422 0.070729 0.033063
84 0.121792 0.231383 0.020000 0.136609
1 0.641646 0.765703 0.380750 0.468594
84 0.080760 0.219898 0.043229 0.139422
84 0.105167 0.244578 0.016792 0.110469
