62 0.022234 0.630472 0.042781 0.124481
62 0.081719 0.620991 0.078000 0.132972
67 0.118383 0.586981 0.151766 0.056085
79 0.669195 0.574163 0.114641 0.222476
81 0.474047 0.577182 0.163656 0.162712
62 0.013734 0.558208 0.027469 0.026038
78 0.315320 0.879682 0.145891 0.235967
86 0.223805 0.573184 0.062203 0.123255
62 0.086844 0.555200 0.092094 0.042052
62 0.158719 0.571568 0.045312 0.044788
62 0.412227 0.557642 0.031828 0.047406
62 0.354922 0.574257 0.042406 0.054929
62 0.200352 0.588125 0.025766 0.085590
62 0.137617 0.631533 0.089859 0.086321
