88 0.565859 0.440635 0.131688 0.212021
88 0.347328 0.401927 0.096094 0.087563
37 0.038266 0.893229 0.072969 0.124958
88 0.923555 0.307563 0.030484 0.046458
84 0.068055 0.285229 0.026047 0.021333
84 0.056562 0.333573 0.010750 0.041646
84 0.067570 0.334177 0.014641 0.040729
84 0.075805 0.335375 0.009578 0.041875
84 0.196188 0.326802 0.008313 0.072479
84 0.175719 0.339552 0.014469 0.038854
88 0.696133 0.290052 0.141234 0.288271
88 0.715820 0.701823 0.447266 0.570312
88 0.934516 0.669531 0.130969 0.586479
88 0.309570 0.667969 0.392578 0.460938
88 0.034094 0.642854 0.064281 0.376625
88 0.457125 0.477938 0.101250 0.196500
88 0.252414 0.430844 0.060109 0.037563
