72 0.530586 0.566250 0.191859 0.281042
44 0.098195 0.624354 0.038547 0.190917
44 0.154797 0.619615 0.044281 0.191521
44 0.193516 0.652875 0.038406 0.127250
44 0.053687 0.619604 0.035906 0.157208
44 0.795789 0.608729 0.035922 0.126083
44 0.809945 0.539031 0.022703 0.135187
44 0.834234 0.608063 0.033313 0.123250
44 0.862789 0.612740 0.034453 0.107938
44 0.754664 0.537812 0.030016 0.144250
44 0.904734 0.597562 0.033031 0.138250
44 0.779266 0.546917 0.022156 0.134042
44 0.869641 0.560417 0.034844 0.090250
44 0.136547 0.544844 0.027094 0.157604
