37 0.335273 0.575473 0.007266 0.011371
1 0.897719 0.437636 0.035313 0.040473
1 0.549383 0.398381 0.029828 0.041300
1 0.821422 0.426064 0.027469 0.043333
1 0.567953 0.360343 0.018063 0.044421
1 0.349180 0.592979 0.095984 0.240898
1 0.060477 0.460520 0.120953 0.279338
1 0.032633 0.166241 0.028078 0.048416
43 0.324258 0.601560 0.052828 0.072861
43 0.482531 0.494196 0.033437 0.047447
1 0.652766 0.371383 0.025906 0.066548
1 0.472328 0.324870 0.023719 0.056454
62 0.184234 0.953783 0.114813 0.092435
62 0.096078 0.938262 0.075563 0.123475
1 0.469289 0.529492 0.066734 0.249811
1 0.869469 0.389563 0.021188 0.067778
62 0.049547 0.491324 0.098812 0.073853
1 0.938602 0.444374 0.034016 0.043262
1 0.403422 0.365792 0.022375 0.039527
