44 0.414383 0.357833 0.070203 0.311708
44 0.375766 0.134146 0.015250 0.041708
62 0.788789 0.287708 0.326516 0.211208
62 0.891164 0.295260 0.217672 0.245688
67 0.501523 0.654698 0.996953 0.667354
1 0.217352 0.133094 0.128078 0.261771
1 0.070469 0.225042 0.140937 0.449667
1 0.858953 0.118240 0.282094 0.229729
1 0.695492 0.081969 0.059016 0.163937
47 0.755031 0.480083 0.137594 0.225958
48 0.878195 0.648708 0.050328 0.173000
49 0.837664 0.651833 0.079734 0.233583
51 0.833320 0.429198 0.081484 0.139896
55 0.308672 0.768875 0.129125 0.160375
44 0.446820 0.289792 0.090859 0.229958
54 0.557094 0.588521 0.197344 0.244542
54 0.558680 0.570552 0.201016 0.224979
62 0.125953 0.218115 0.039750 0.089063
44 0.490109 0.409510 0.044438 0.130354
44 0.521516 0.366823 0.029687 0.062187
61 0.546156 0.593625 0.178531 0.245292
62 0.289789 0.274177 0.198797 0.240188
62 0.496203 0.232781 0.088500 0.185979
1 0.125383 0.067219 0.032109 0.134438
50 0.880977 0.330823 0.091703 0.100146
50 0.878563 0.651531 0.054125 0.182271
67 0.355750 0.142104 0.206312 0.063250
1 0.501508 0.086719 0.086109 0.167937
