1 0.422930 0.546229 0.485984 0.867708
1 0.605898 0.430771 0.129766 0.534833
50 0.612406 0.771198 0.096344 0.038646
61 0.709336 0.812333 0.083734 0.100375
1 0.171070 0.503375 0.335391 0.970792
1 0.976969 0.505625 0.046062 0.467417
1 0.788555 0.440563 0.057953 0.141000
1 0.915195 0.450708 0.169609 0.529292
1 0.346336 0.308458 0.061328 0.115375
47 0.812398 0.347615 0.013547 0.025187
47 0.990500 0.255802 0.019000 0.017646
1 0.946344 0.224062 0.107313 0.197958
61 0.640375 0.829490 0.063281 0.085979
1 0.852414 0.377396 0.111234 0.354667
