22 0.278289 0.586573 0.170516 0.331800
22 0.451695 0.341757 0.051016 0.074056
22 0.731156 0.359642 0.120375 0.099241
27 0.293070 0.326486 0.044797 0.087983
27 0.524492 0.298438 0.014922 0.035315
31 0.254977 0.361920 0.024641 0.038069
1 0.230195 0.342017 0.057359 0.161779
1 0.290891 0.322950 0.064875 0.156746
1 0.525992 0.292679 0.019984 0.048308
1 0.496594 0.289176 0.021781 0.045553
1 0.446469 0.272983 0.014563 0.022104
1 0.746570 0.307896 0.021078 0.067852
1 0.729539 0.285575 0.026922 0.061085
22 0.508602 0.388764 0.061828 0.114230
1 0.460141 0.282256 0.012656 0.032061
1 0.716094 0.279338 0.014719 0.038850
1 0.591398 0.312983 0.008672 0.020759
22 0.501492 0.388200 0.032828 0.108677
1 0.881250 0.218915 0.005406 0.010499
