44 0.231727 0.336981 0.015109 0.036667
44 0.390680 0.272529 0.051453 0.116993
44 0.392953 0.297739 0.021906 0.097995
63 0.467211 0.656527 0.624391 0.567459
82 0.056984 0.127727 0.107969 0.241608
1 0.735375 0.561026 0.311125 0.382984
47 0.292445 0.666783 0.051797 0.101026
47 0.239164 0.336212 0.032266 0.047296
78 0.290906 0.062506 0.130125 0.125012
79 0.286961 0.238193 0.167203 0.139324
81 0.250336 0.336399 0.111266 0.031212
18 0.695586 0.595897 0.091641 0.092867
31 0.086352 0.353834 0.101203 0.104079
44 0.115758 0.319138 0.024234 0.124988
44 0.141500 0.307273 0.020156 0.086527
75 0.133836 0.825152 0.099859 0.036550
1 0.619852 0.560676 0.251547 0.469650
47 0.919953 0.754592 0.042344 0.104336
62 0.772719 0.258916 0.061500 0.094755
62 0.757953 0.353998 0.097375 0.219790
67 0.302945 0.451958 0.591953 0.581818
47 0.062117 0.263217 0.048859 0.020326
