62 0.793750 0.577060 0.412500 0.310080
67 0.501687 0.821630 0.996627 0.316140
60 0.654292 0.825180 0.364307 0.125000
60 0.746250 0.928090 0.382440 0.121340
60 0.389608 0.924640 0.383855 0.150720
62 0.936551 0.366370 0.122801 0.092780
62 0.050482 0.457540 0.100723 0.145320
62 0.703012 0.368840 0.174217 0.100640
67 0.835572 0.508800 0.328855 0.247440
1 0.429654 0.532210 0.528584 0.562620
62 0.192681 0.422690 0.124699 0.194420
62 0.106928 0.680000 0.213855 0.322000
62 0.953464 0.464580 0.093072 0.221640
67 0.830090 0.347200 0.104157 0.028720
