44 0.500297 0.413314 0.011437 0.047330
44 0.454000 0.458911 0.013156 0.032670
44 0.545570 0.415234 0.008922 0.039836
62 0.527289 0.570972 0.073172 0.243021
63 0.803531 0.807084 0.392937 0.366956
63 0.064758 0.775351 0.129516 0.329625
67 0.847656 0.503548 0.060813 0.035855
62 0.811703 0.469742 0.043969 0.035082
62 0.449672 0.603899 0.058125 0.152295
65 0.188562 0.503279 0.037812 0.114052
82 0.598938 0.454180 0.094375 0.252998
62 0.215047 0.619368 0.207187 0.307822
81 0.469078 0.469520 0.023969 0.010468
81 0.418188 0.467635 0.033344 0.009040
62 0.806945 0.565246 0.057453 0.176815
78 0.372211 0.347119 0.038297 0.053255
62 0.668063 0.657553 0.272781 0.395855
44 0.312242 0.410422 0.007016 0.018501
62 0.391391 0.595293 0.066062 0.148525
