1 0.387961 0.757875 0.175672 0.277042
1 0.105937 0.636656 0.144625 0.479813
1 0.972070 0.344719 0.016578 0.038062
15 0.731078 0.624469 0.167406 0.120604
15 0.370969 0.440583 0.054187 0.036625
22 0.541008 0.444937 0.657297 0.696625
3 0.346500 0.379135 0.094781 0.084604
1 0.126422 0.572635 0.097719 0.472687
15 0.276422 0.447594 0.049906 0.021104
31 0.065773 0.500469 0.041703 0.063979
31 0.056633 0.500198 0.012547 0.021104
31 0.133039 0.594104 0.017828 0.054125
62 0.605656 0.075104 0.237031 0.150167
