16 0.295797 0.107760 0.119625 0.189646
16 0.399195 0.205375 0.175797 0.161292
3 0.762070 0.146229 0.377922 0.218792
3 0.896320 0.252927 0.207359 0.372229
3 0.355086 0.091021 0.030672 0.026542
41 0.178008 0.357177 0.043547 0.038937
1 0.191289 0.179771 0.119672 0.359542
1 0.418695 0.085229 0.076453 0.170458
1 0.555672 0.068500 0.018812 0.087625
1 0.530563 0.070885 0.018156 0.090896
1 0.625094 0.055760 0.025125 0.056396
41 0.390531 0.252396 0.016313 0.035292
1 0.784789 0.062427 0.027484 0.082854
1 0.646266 0.059156 0.020438 0.061937
1 0.685164 0.045010 0.016672 0.051438
1 0.010234 0.079615 0.020469 0.124729
1 0.669656 0.055885 0.013844 0.051312
1 0.921984 0.051104 0.020375 0.047958
1 0.762445 0.028594 0.013578 0.026729
1 0.379859 0.081844 0.041844 0.163687
6 0.065758 0.059469 0.125953 0.095979
