31 0.929490 0.603000 0.133140 0.429200
1 0.785400 0.596627 0.326960 0.793253
1 0.524060 0.467720 0.074840 0.248453
1 0.352380 0.554200 0.185920 0.737840
1 0.106680 0.460067 0.092440 0.372667
1 0.597780 0.461253 0.039720 0.131520
1 0.251090 0.561600 0.102300 0.348427
1 0.641010 0.477787 0.063540 0.223947
1 0.053480 0.583040 0.093480 0.135307
1 0.490770 0.437520 0.013060 0.065280
31 0.620450 0.872733 0.107140 0.223387
1 0.970680 0.582520 0.058640 0.417840
1 0.021430 0.407800 0.042860 0.212987
1 0.456530 0.471533 0.048340 0.237413
33 0.392410 0.783427 0.133540 0.428880
47 0.510580 0.425320 0.009320 0.017787
