62 0.667234 0.649781 0.212844 0.396396
62 0.941359 0.788469 0.117281 0.422146
67 0.885086 0.678146 0.229828 0.450667
86 0.921000 0.498490 0.031844 0.113104
86 0.918844 0.454313 0.031094 0.068500
44 0.835781 0.429625 0.047688 0.129625
84 0.657305 0.956635 0.080891 0.022479
84 0.657945 0.898646 0.204391 0.177917
84 0.094508 0.632052 0.039609 0.038146
62 0.385195 0.796625 0.432172 0.403083
62 0.430430 0.580740 0.289391 0.229437
64 0.914836 0.428573 0.075953 0.124562
84 0.039398 0.773844 0.058328 0.039313
84 0.069414 0.681562 0.017672 0.037333
84 0.101523 0.643500 0.025922 0.036750
