9 0.527883 0.371802 0.049953 0.091813
9 0.585656 0.407490 0.023563 0.008563
9 0.084383 0.371885 0.036891 0.096229
42 0.519773 0.625552 0.142797 0.011813
42 0.337836 0.597240 0.038453 0.019229
1 0.530516 0.438562 0.020219 0.060667
1 0.496828 0.595573 0.124125 0.060312
1 0.333742 0.581073 0.050547 0.055229
1 0.060461 0.680198 0.046109 0.052562
1 0.023133 0.669292 0.045672 0.077917
1 0.189867 0.459385 0.039078 0.062687
9 0.353594 0.376073 0.033406 0.083729
1 0.389437 0.435594 0.010437 0.018854
1 0.630898 0.418740 0.006734 0.024438
1 0.683109 0.420188 0.005656 0.021292
1 0.866195 0.432458 0.009891 0.012333
1 0.255594 0.447937 0.009813 0.009750
1 0.326820 0.453052 0.007453 0.006854
42 0.157188 0.476063 0.034563 0.035625
42 0.005562 0.575812 0.011000 0.017458
42 0.022898 0.703792 0.045797 0.021917
1 0.353734 0.435875 0.007781 0.010375
