41 0.286602 0.549520 0.093578 0.246019
1 0.381570 0.444941 0.256391 0.395504
1 0.132242 0.349169 0.099891 0.362646
1 0.186867 0.402389 0.103766 0.226932
1 0.172766 0.271230 0.048344 0.174590
1 0.220055 0.315023 0.060828 0.225129
1 0.509883 0.308021 0.015172 0.052810
1 0.855602 0.336511 0.025328 0.131803
1 0.888867 0.277131 0.022797 0.072670
1 0.736336 0.323290 0.025641 0.145410
1 0.357742 0.262283 0.016891 0.053888
1 0.301156 0.312014 0.026031 0.122482
1 0.332547 0.283419 0.044688 0.251194
1 0.258961 0.337681 0.052984 0.213583
