37 0.308117 0.346885 0.007547 0.011288
62 0.763609 0.167740 0.027187 0.026534
62 0.622258 0.222061 0.034391 0.022763
62 0.654961 0.195679 0.035859 0.033513
62 0.585633 0.204028 0.037953 0.050398
62 0.548367 0.207845 0.042422 0.042061
62 0.865844 0.137518 0.036937 0.028618
1 0.300609 0.577529 0.391313 0.561803
1 0.482383 0.333583 0.114234 0.345902
1 0.160484 0.179309 0.055969 0.079836
1 0.126781 0.172272 0.047906 0.084262
1 0.584336 0.155234 0.049922 0.074824
1 0.664297 0.150948 0.053219 0.086768
1 0.853242 0.208361 0.084891 0.067166
40 0.470531 0.532354 0.051187 0.116979
1 0.951922 0.213126 0.047188 0.065644
1 0.391430 0.132143 0.033797 0.088126
40 0.030703 0.330035 0.033406 0.030843
1 0.039414 0.332354 0.073766 0.196276
1 0.443523 0.052799 0.035953 0.074871
62 0.801367 0.200176 0.028703 0.032108
62 0.827789 0.138185 0.034297 0.030796
62 0.262445 0.076230 0.032484 0.024684
62 0.291891 0.073232 0.034094 0.029977
62 0.317805 0.104016 0.037609 0.034871
62 0.231414 0.102494 0.027516 0.024848
1 0.429680 0.160246 0.047422 0.092717
62 0.195750 0.125176 0.019125 0.027728
1 0.778219 0.214941 0.057375 0.044496
