73 0.369586 0.409709 0.262047 0.224449
74 0.569102 0.493410 0.043109 0.041538
76 0.352039 0.529532 0.338734 0.023721
84 0.029313 0.648004 0.041344 0.136216
84 0.084852 0.842536 0.042453 0.141081
84 0.050258 0.653659 0.035234 0.127859
84 0.069844 0.436861 0.024313 0.135094
84 0.113570 0.863960 0.013547 0.096611
84 0.073820 0.656538 0.022672 0.123181
84 0.092930 0.849179 0.029578 0.126341
84 0.114727 0.429356 0.045328 0.138170
84 0.087039 0.653680 0.027203 0.124699
84 0.064367 0.655135 0.029922 0.127069
84 0.049703 0.661445 0.010875 0.114532
84 0.048555 0.431559 0.019797 0.159335
84 0.031664 0.450748 0.018516 0.112349
