9 0.281880 0.891710 0.086480 0.105140
9 0.263613 0.622360 0.059280 0.056720
9 0.610200 0.833160 0.098587 0.108720
9 0.562587 0.631580 0.063573 0.060200
1 0.261333 0.624620 0.028693 0.028480
1 0.637667 0.460170 0.016400 0.019540
1 0.275920 0.854140 0.045600 0.047720
1 0.278960 0.897500 0.034133 0.052920
1 0.620680 0.821430 0.038853 0.040180
1 0.266320 0.602020 0.014613 0.018840
9 0.643067 0.462930 0.052800 0.029780
1 0.569907 0.622010 0.025840 0.033460
1 0.599360 0.807830 0.015467 0.021980
1 0.286693 0.871870 0.028853 0.040700
