44 0.173992 0.374146 0.028516 0.088542
44 0.201914 0.369125 0.028516 0.105875
44 0.264734 0.374604 0.023438 0.109125
44 0.223984 0.371229 0.021438 0.112292
44 0.289687 0.379552 0.026875 0.105396
44 0.153219 0.129031 0.029031 0.120438
44 0.390391 0.382885 0.023156 0.101896
44 0.376086 0.366875 0.008297 0.069500
44 0.233430 0.372010 0.017391 0.109354
1 0.499719 0.495510 0.999437 0.986521
47 0.918664 0.638260 0.041234 0.046562
60 0.392070 0.793094 0.225141 0.385688
79 0.352625 0.560208 0.120438 0.103958
79 0.056508 0.733573 0.110984 0.134646
1 0.934336 0.584625 0.131328 0.344125
44 0.196570 0.141344 0.024578 0.112646
44 0.088367 0.049813 0.027891 0.095833
44 0.255797 0.166479 0.022781 0.098750
44 0.240141 0.158083 0.022437 0.101708
79 0.028547 0.922448 0.056156 0.101187
