6 0.191760 0.210117 0.365563 0.361797
6 0.688458 0.189641 0.189292 0.270594
28 0.112104 0.021187 0.212250 0.033625
28 0.450937 0.220227 0.164792 0.435953
77 0.809594 0.245945 0.021813 0.009578
1 0.446448 0.456180 0.689146 0.858422
1 0.605750 0.475031 0.209542 0.722031
1 0.783625 0.315453 0.127125 0.262781
1 0.852885 0.293391 0.074938 0.246625
1 0.948427 0.292602 0.097146 0.248891
1 0.840073 0.697187 0.319854 0.602250
1 0.124625 0.354734 0.111125 0.308562
6 0.793167 0.165352 0.169500 0.134234
31 0.932240 0.353398 0.047104 0.047266
31 0.531292 0.363219 0.066042 0.105937
1 0.044594 0.306797 0.066396 0.203375
1 0.177719 0.306969 0.085979 0.218031
1 0.732917 0.276836 0.072375 0.154484
6 0.882479 0.215094 0.064750 0.181719
6 0.911927 0.145461 0.105896 0.058141
6 0.896729 0.178773 0.097250 0.115172
