28 0.727250 0.229370 0.404594 0.310121
28 0.370312 0.216925 0.145781 0.069104
28 0.301602 0.084576 0.145422 0.057821
28 0.523508 0.125036 0.088484 0.058208
28 0.939227 0.175061 0.064953 0.044068
15 0.630398 0.939189 0.584203 0.117700
15 0.701867 0.664044 0.588766 0.222470
15 0.089188 0.693269 0.178375 0.388765
15 0.516570 0.524576 0.119922 0.098789
15 0.086180 0.568402 0.135797 0.050605
47 0.764523 0.449588 0.044797 0.107797
1 0.809562 0.409746 0.264406 0.415182
1 0.652711 0.406610 0.167266 0.370605
1 0.946164 0.431295 0.107547 0.382881
1 0.441312 0.296719 0.084437 0.212857
28 0.073266 0.141610 0.111406 0.060605
47 0.588148 0.498414 0.036578 0.105593
1 0.389570 0.188729 0.083109 0.207288
1 0.058852 0.406332 0.117703 0.455617
1 0.121398 0.387373 0.149797 0.361525
1 0.024430 0.286877 0.048703 0.159467
1 0.549672 0.301755 0.105813 0.236392
1 0.466539 0.158777 0.063953 0.162155
1 0.289211 0.130496 0.048734 0.070339
1 0.119977 0.175109 0.043109 0.068426
28 0.014922 0.125690 0.029844 0.039080
1 0.423469 0.084552 0.058062 0.160823
