7 0.519945 0.461802 0.517422 0.348312
1 0.311625 0.451083 0.010625 0.076625
1 0.205945 0.456885 0.021266 0.048021
1 0.199070 0.448979 0.009078 0.030417
1 0.279781 0.462781 0.025406 0.117229
1 0.334250 0.488875 0.041031 0.091208
15 0.923852 0.617083 0.152297 0.179792
10 0.135953 0.416542 0.005250 0.012625
15 0.206188 0.463729 0.023219 0.033167
33 0.190914 0.464271 0.009578 0.023167
33 0.350016 0.491865 0.022031 0.024271
62 0.899828 0.622073 0.146875 0.180771
85 0.610539 0.226885 0.250047 0.114771
1 0.243008 0.451042 0.013453 0.087583
2 0.874055 0.517250 0.057703 0.039375
1 0.191664 0.454740 0.012484 0.045229
2 0.904828 0.520896 0.018313 0.024625
2 0.977172 0.512167 0.031656 0.034750
