67 0.124203 0.291313 0.248406 0.082500
67 0.138031 0.193573 0.200031 0.041479
67 0.157711 0.150479 0.147984 0.023667
2 0.543992 0.475323 0.234984 0.671688
2 0.379828 0.479615 0.180250 0.714604
3 0.417453 0.044344 0.036875 0.032021
3 0.278352 0.058990 0.046859 0.056479
3 0.251398 0.043344 0.024641 0.037646
3 0.389156 0.044177 0.027156 0.027646
11 0.500836 0.530417 0.129203 0.442958
1 0.782445 0.042521 0.020484 0.074333
27 0.374070 0.405458 0.115422 0.179208
62 0.075844 0.819104 0.151688 0.339333
62 0.310969 0.210583 0.072844 0.140000
62 0.250414 0.174031 0.094078 0.095438
8 0.925625 0.031313 0.068750 0.020375
27 0.578242 0.399031 0.116172 0.156021
62 0.261906 0.430177 0.233469 0.367604
62 0.073625 0.491729 0.147250 0.380750
62 0.134180 0.223750 0.091328 0.065333
62 0.141477 0.160042 0.074016 0.041167
62 0.261625 0.313219 0.181250 0.190688
62 0.136859 0.126531 0.056937 0.026396
