28 0.180187 0.450188 0.299766 0.689875
28 0.450316 0.217711 0.672108 0.195078
28 0.814415 0.128547 0.371171 0.111906
28 0.066148 0.160430 0.126066 0.099734
32 0.535094 0.485313 0.101616 0.224719
1 0.136101 0.612109 0.272201 0.753375
1 0.532471 0.572766 0.465410 0.827375
1 0.813407 0.539320 0.279555 0.660672
1 0.951874 0.440437 0.096253 0.337969
28 0.069145 0.232594 0.138290 0.052906
1 0.641230 0.260141 0.091920 0.127062
1 0.887787 0.316703 0.073091 0.187344
28 0.379157 0.286562 0.157283 0.109250
1 0.681616 0.249227 0.039906 0.062141
28 0.194157 0.273188 0.062131 0.059594
1 0.825386 0.271547 0.165199 0.214969
