7 0.740563 0.480340 0.107406 0.156464
1 0.217656 0.613232 0.255812 0.742155
1 0.444047 0.717225 0.123875 0.543630
1 0.593547 0.730023 0.178500 0.539953
1 0.086570 0.733384 0.095516 0.531218
1 0.047344 0.529344 0.080719 0.196674
1 0.366172 0.493548 0.045969 0.123677
1 0.528352 0.607600 0.070516 0.505785
1 0.621336 0.549578 0.081391 0.199391
31 0.636414 0.682869 0.093984 0.271311
1 0.666031 0.495585 0.020531 0.108173
31 0.499211 0.574122 0.061109 0.244731
1 0.337211 0.745867 0.116672 0.508267
1 0.459133 0.491569 0.047141 0.168244
1 0.633000 0.501628 0.036344 0.158852
