37 0.269227 0.775986 0.034984 0.059061
43 0.286445 0.740458 0.172016 0.375282
1 0.471922 0.500000 0.384406 1.000000
1 0.226727 0.178897 0.117172 0.177512
1 0.194719 0.119038 0.131625 0.229484
1 0.764773 0.226315 0.080922 0.148263
1 0.926344 0.254319 0.147313 0.119437
1 0.797531 0.217347 0.045281 0.175399
1 0.851117 0.178908 0.028828 0.067629
1 0.056844 0.140446 0.110688 0.217981
1 0.927031 0.196714 0.052938 0.133991
1 0.278000 0.144155 0.061562 0.177230
1 0.660969 0.223087 0.073094 0.148521
1 0.963602 0.208099 0.055391 0.135070
1 0.829664 0.231667 0.054078 0.157746
