2 0.476633 0.872850 0.130141 0.139019
3 0.363219 0.544871 0.052562 0.038248
3 0.417570 0.541332 0.055078 0.033318
3 0.642391 0.540759 0.013656 0.014977
7 0.509062 0.730315 0.876750 0.342500
7 0.403180 0.341776 0.162766 0.096308
1 0.274031 0.926016 0.034563 0.147967
1 0.306320 0.906893 0.037109 0.186215
1 0.872906 0.723657 0.031969 0.056846
1 0.478359 0.844393 0.032875 0.170654
31 0.225586 0.953376 0.032828 0.093248
31 0.331281 0.933984 0.023375 0.060164
1 0.241469 0.932348 0.031406 0.135304
1 0.970383 0.297675 0.023484 0.086238
1 0.922078 0.321904 0.011406 0.042687
1 0.933250 0.570456 0.009312 0.048481
1 0.858648 0.549988 0.017328 0.057734
1 0.834055 0.527091 0.009391 0.039042
1 0.356977 0.927301 0.046859 0.145397
3 0.145227 0.540561 0.043234 0.040935
6 0.432734 0.513843 0.124188 0.061893
1 0.716602 0.560514 0.010984 0.027477
1 0.838102 0.309953 0.017578 0.077430
31 0.442898 0.847103 0.031578 0.036449
