62 0.523920 0.168960 0.150640 0.149400
62 0.411380 0.165110 0.126480 0.144020
62 0.426110 0.047700 0.112780 0.087000
43 0.333630 0.431180 0.104740 0.061440
1 0.470790 0.497960 0.373820 0.474760
1 0.298110 0.250250 0.156300 0.323860
1 0.640540 0.138540 0.132520 0.214520
1 0.140850 0.121320 0.140860 0.225360
1 0.773970 0.161850 0.137140 0.252660
1 0.276190 0.118250 0.147580 0.236500
1 0.839770 0.094120 0.030940 0.078560
1 0.511760 0.501110 0.288240 0.474580
1 0.669770 0.088180 0.125340 0.175160
62 0.204040 0.050210 0.073360 0.095860
62 0.323590 0.060680 0.067420 0.089880
62 0.869070 0.077750 0.080260 0.108660
62 0.776050 0.049910 0.103900 0.078740
1 0.924210 0.150890 0.151580 0.296660
27 0.923290 0.241680 0.088500 0.097760
62 0.550140 0.046430 0.102920 0.092860
62 0.119920 0.172480 0.124800 0.114160
