1 0.807868 0.525507 0.311748 0.267222
53 0.117369 0.594436 0.084118 0.086618
53 0.044975 0.635278 0.089951 0.082092
53 0.087998 0.435596 0.115768 0.094526
53 0.102770 0.669355 0.091193 0.075735
53 0.180613 0.653742 0.083056 0.080327
53 0.249943 0.638529 0.059036 0.078235
53 0.030833 0.692917 0.061667 0.098807
53 0.140392 0.514877 0.101209 0.088415
53 0.198431 0.583962 0.082974 0.082958
55 0.516757 0.777484 0.105180 0.118889
53 0.011332 0.440482 0.022663 0.089265
53 0.048529 0.507051 0.097059 0.107500
55 0.346904 0.715482 0.138056 0.138056
55 0.216887 0.756348 0.153252 0.158448
55 0.358194 0.587941 0.150899 0.126242
55 0.437892 0.686152 0.117843 0.121585
55 0.336422 0.861013 0.136307 0.132876
55 0.436528 0.809845 0.111389 0.137304
55 0.515302 0.905098 0.099493 0.131144
55 0.211258 0.908529 0.187157 0.152614
55 0.283096 0.660335 0.064886 0.064069
55 0.587034 0.865114 0.094101 0.138464
