28 0.406847 0.377578 0.245780 0.083594
28 0.035731 0.441531 0.064795 0.022312
3 0.111133 0.488836 0.128309 0.088109
10 0.146535 0.385617 0.020920 0.032828
1 0.376675 0.590633 0.196010 0.467422
1 0.580665 0.500484 0.036141 0.061094
47 0.071658 0.931820 0.115205 0.136359
86 0.930197 0.693344 0.139606 0.341219
31 0.421264 0.676211 0.128473 0.105234
3 0.484171 0.477805 0.042890 0.026484
3 0.733752 0.462836 0.024384 0.036328
10 0.580944 0.151305 0.094466 0.137078
27 0.664015 0.479867 0.014565 0.031234
33 0.692709 0.527008 0.033235 0.029891
1 0.658407 0.491844 0.041511 0.106062
1 0.050386 0.522570 0.082742 0.154234
1 0.760304 0.495570 0.038046 0.079453
3 0.286445 0.466875 0.054762 0.064812
3 0.476281 0.463422 0.057126 0.019281
3 0.696379 0.465188 0.030887 0.031625
27 0.065361 0.492789 0.020378 0.027172
47 0.314163 0.912805 0.095583 0.154109
