77 0.333592 0.576992 0.008013 0.005578
3 0.857991 0.580422 0.143537 0.049594
3 0.698996 0.574156 0.206376 0.060688
3 0.552227 0.578062 0.143712 0.044125
3 0.446332 0.575688 0.117598 0.043156
3 0.811758 0.576320 0.037664 0.027734
1 0.321823 0.588109 0.068144 0.102844
1 0.950480 0.566820 0.051528 0.080109
1 0.903133 0.568445 0.049978 0.074609
15 0.607620 0.626961 0.204105 0.040453
15 0.849367 0.622094 0.286507 0.051469
15 0.424017 0.624437 0.167598 0.035344
15 0.116790 0.624070 0.210699 0.034922
1 0.290240 0.278664 0.425939 0.286672
15 0.278079 0.610828 0.109869 0.007969
41 0.268581 0.422094 0.168253 0.076187
3 0.325262 0.566016 0.092096 0.026531
3 0.260000 0.576148 0.040611 0.035734
15 0.896779 0.632508 0.126572 0.016609
15 0.719389 0.632375 0.118079 0.018875
