4 0.088836 0.464839 0.056578 0.061807
4 0.051398 0.473280 0.028297 0.060173
8 0.656789 0.461423 0.550391 0.334827
31 0.166914 0.521696 0.035391 0.111807
31 0.106422 0.719592 0.054625 0.153094
1 0.166281 0.606423 0.131969 0.403243
1 0.307672 0.551770 0.068844 0.118094
1 0.399320 0.551163 0.077234 0.141436
1 0.619188 0.634839 0.100719 0.438193
1 0.720391 0.607215 0.093094 0.165569
1 0.864273 0.609715 0.107953 0.212599
1 0.972016 0.540545 0.055969 0.353614
1 0.482508 0.555309 0.085203 0.171163
1 0.571469 0.586287 0.044781 0.126881
1 0.359687 0.497698 0.050719 0.185792
1 0.339539 0.500309 0.049609 0.064530
51 0.557945 0.699059 0.078609 0.096782
4 0.277633 0.470965 0.034859 0.096683
4 0.316906 0.459344 0.032469 0.070272
8 0.309563 0.430903 0.058719 0.096460
1 0.252117 0.583762 0.062234 0.314950
3 0.939109 0.442735 0.058781 0.108342
51 0.681125 0.711658 0.041469 0.108515
51 0.746563 0.718899 0.090094 0.112500
3 0.382922 0.440483 0.071969 0.122104
