88 0.384871 0.516852 0.526643 0.629203
31 0.646608 0.558422 0.097207 0.061750
1 0.862746 0.596406 0.103615 0.137937
1 0.797394 0.593273 0.092629 0.158141
1 0.746866 0.600328 0.106174 0.159906
1 0.636808 0.584156 0.175352 0.197313
1 0.215188 0.480758 0.090939 0.148734
1 0.208052 0.424047 0.035634 0.064500
1 0.138369 0.482328 0.120023 0.215219
1 0.122183 0.409187 0.027183 0.037250
27 0.189495 0.450563 0.033545 0.060344
1 0.048709 0.446086 0.070423 0.120297
1 0.093592 0.427617 0.054413 0.054172
1 0.707066 0.583102 0.095822 0.154891
1 0.933146 0.653344 0.133709 0.244813
1 0.580810 0.500867 0.067019 0.054922
31 0.613404 0.592672 0.055352 0.034437
31 0.093533 0.459703 0.029272 0.013969
31 0.879225 0.655195 0.059577 0.046766
