3 0.835187 0.560540 0.205094 0.200516
6 0.686836 0.469014 0.420016 0.227606
1 0.299320 0.553709 0.064328 0.226197
1 0.407531 0.531420 0.028344 0.118099
1 0.578867 0.511021 0.043297 0.104155
1 0.355664 0.509847 0.029016 0.119789
1 0.620859 0.528310 0.039344 0.170610
1 0.434328 0.526033 0.024094 0.117089
1 0.330023 0.522782 0.026641 0.122606
1 0.653641 0.542829 0.048281 0.186455
1 0.531883 0.536338 0.026922 0.094930
1 0.485359 0.567770 0.029063 0.037559
1 0.455070 0.529883 0.025297 0.112817
8 0.163797 0.538099 0.272281 0.170986
8 0.061781 0.500892 0.119250 0.071878
