65 0.555719 0.500000 0.237063 0.280882
65 0.857141 0.812658 0.279781 0.275785
65 0.786164 0.914972 0.427672 0.170055
65 0.090930 0.797080 0.181859 0.365455
62 0.205211 0.383719 0.109609 0.262920
1 0.455664 0.696625 0.146578 0.278650
1 0.429867 0.533168 0.060578 0.278402
1 0.368055 0.495427 0.075641 0.361653
1 0.823375 0.320220 0.096875 0.600000
1 0.293555 0.559807 0.137922 0.348375
1 0.090984 0.576212 0.088625 0.188237
1 0.272187 0.794353 0.172563 0.297521
1 0.173750 0.649959 0.091563 0.395675
62 0.681320 0.394876 0.104172 0.272066
62 0.239695 0.364339 0.047891 0.135785
65 0.904953 0.596625 0.178437 0.226970
65 0.947875 0.326584 0.094531 0.349091
81 0.588305 0.328857 0.088047 0.092975
