1 0.410211 0.431125 0.083547 0.091250
1 0.478641 0.425208 0.043406 0.059833
1 0.457383 0.457010 0.029047 0.031813
1 0.571055 0.415792 0.037547 0.039083
1 0.454617 0.433802 0.042422 0.060062
1 0.535797 0.419688 0.021844 0.044625
7 0.464969 0.574208 0.247187 0.298208
8 0.241148 0.355531 0.049797 0.030437
3 0.295172 0.355125 0.039938 0.028833
8 0.294687 0.355812 0.038469 0.033875
1 0.741914 0.429271 0.014047 0.062583
1 0.852039 0.413531 0.008766 0.024562
1 0.838430 0.436719 0.013547 0.058146
1 0.785453 0.438490 0.017219 0.053812
1 0.517328 0.431719 0.007250 0.012021
1 0.642859 0.418250 0.008531 0.008750
