35 0.310120 0.931637 0.032520 0.013134
1 0.442250 0.746708 0.026340 0.094401
1 0.425860 0.701813 0.018600 0.058486
1 0.480980 0.693169 0.014680 0.066620
1 0.379020 0.527060 0.031000 0.083275
1 0.340460 0.886496 0.032280 0.098204
1 0.187830 0.660176 0.018740 0.092676
1 0.433190 0.325599 0.012020 0.066831
1 0.451870 0.331391 0.012300 0.062852
1 0.495350 0.322641 0.014740 0.061690
1 0.667380 0.325528 0.009560 0.051972
1 0.469420 0.699437 0.020560 0.094507
1 0.242130 0.720880 0.024700 0.098451
1 0.160920 0.681901 0.026400 0.093803
36 0.668000 0.334718 0.020880 0.027394
