28 0.190648 0.655329 0.054328 0.025088
8 0.260641 0.518860 0.095594 0.101053
10 0.187766 0.505592 0.029406 0.133246
1 0.126266 0.692259 0.031219 0.146053
3 0.720875 0.708180 0.180688 0.139342
3 0.871891 0.685779 0.202562 0.126469
3 0.887805 0.632061 0.192641 0.090263
10 0.909320 0.467763 0.013766 0.034868
27 0.133422 0.664978 0.013906 0.042281
3 0.558234 0.596502 0.087031 0.071601
3 0.490211 0.586316 0.066453 0.060658
3 0.447547 0.569265 0.060250 0.050373
3 0.661719 0.603629 0.114062 0.095461
3 0.240516 0.575493 0.060000 0.066908
3 0.136344 0.481480 0.033437 0.034583
3 0.411703 0.602982 0.074000 0.076711
3 0.086016 0.635987 0.103844 0.091711
3 0.292945 0.431568 0.017203 0.028399
3 0.104391 0.559364 0.049406 0.049474
