16 0.478742 0.678981 0.033953 0.027752
16 0.658234 0.738208 0.066344 0.134637
9 0.170297 0.184133 0.080250 0.020913
9 0.432867 0.178501 0.214984 0.101499
9 0.591312 0.199778 0.100500 0.039133
9 0.688492 0.075410 0.074234 0.030304
9 0.767469 0.168290 0.048313 0.036581
9 0.671078 0.161042 0.057469 0.049532
9 0.047109 0.090012 0.031000 0.090984
9 0.071719 0.094848 0.034375 0.047681
9 0.076305 0.086253 0.065547 0.026323
9 0.223680 0.070703 0.042047 0.016674
16 0.584531 0.608220 0.052969 0.055504
16 0.567312 0.535644 0.068625 0.072131
16 0.083961 0.860679 0.071953 0.193255
16 0.333109 0.398150 0.037062 0.052225
16 0.695398 0.607213 0.048516 0.029321
16 0.471898 0.910340 0.071672 0.155152
16 0.128312 0.942319 0.025656 0.112600
16 0.261102 0.868583 0.030766 0.033513
9 0.582352 0.166674 0.067547 0.027166
16 0.815906 0.467857 0.055031 0.061429
16 0.379242 0.791253 0.029984 0.034169
16 0.551992 0.385504 0.042797 0.064169
9 0.773430 0.092166 0.022734 0.058759
9 0.947469 0.176112 0.047500 0.048571
