41 0.551312 0.673617 0.086375 0.121172
1 0.508594 0.624055 0.263396 0.143484
1 0.938156 0.746414 0.025562 0.066172
1 0.916531 0.745883 0.037146 0.064172
1 0.396187 0.773156 0.029458 0.048281
1 0.696729 0.712602 0.020125 0.028516
1 0.783167 0.714328 0.012292 0.015688
1 0.737292 0.721492 0.035125 0.050328
1 0.653490 0.753750 0.048396 0.043656
1 0.046573 0.730031 0.038521 0.077312
1 0.303656 0.755070 0.050979 0.027547
1 0.695250 0.754172 0.031250 0.046594
1 0.637146 0.750461 0.024083 0.037734
1 0.796177 0.726672 0.028313 0.037500
