5 0.460289 0.369098 0.020984 0.022459
5 0.377984 0.665445 0.702313 0.352857
5 0.538227 0.474344 0.340266 0.155667
5 0.622727 0.427447 0.150641 0.093443
5 0.423258 0.399016 0.110578 0.063513
5 0.425992 0.376487 0.071203 0.030632
1 0.624023 0.928021 0.016859 0.064520
5 0.432898 0.372365 0.048922 0.028665
8 0.705219 0.563208 0.031250 0.027869
8 0.347375 0.868958 0.127188 0.142037
5 0.260547 0.371511 0.063687 0.031124
5 0.323891 0.370012 0.047063 0.022131
1 0.321937 0.802939 0.013375 0.021194
8 0.872898 0.845234 0.132797 0.107330
8 0.430180 0.519415 0.022234 0.025855
8 0.421250 0.546042 0.013875 0.025433
8 0.400281 0.546054 0.019625 0.030515
