44 0.497844 0.568812 0.045250 0.211208
1 0.877281 0.583354 0.245438 0.758875
1 0.304734 0.453271 0.179500 0.262042
1 0.218258 0.528094 0.342141 0.485396
46 0.302156 0.675781 0.085750 0.160812
46 0.365141 0.649240 0.056000 0.186646
46 0.406156 0.587698 0.038281 0.128479
46 0.737219 0.854333 0.138969 0.291333
44 0.561430 0.644979 0.036047 0.187667
44 0.576867 0.633365 0.021234 0.156312
51 0.443148 0.584750 0.047703 0.043583
64 0.880102 0.183688 0.083703 0.102083
64 0.472570 0.488542 0.059953 0.101083
64 0.541195 0.488583 0.055109 0.101542
84 0.494352 0.911563 0.384172 0.176875
1 0.182656 0.510667 0.358063 0.977125
