3 0.435922 0.273653 0.040281 0.045012
3 0.213992 0.298759 0.044297 0.039766
35 0.586227 0.546815 0.653703 0.182014
27 0.285547 0.474286 0.061781 0.071382
1 0.667117 0.521440 0.256328 0.952904
1 0.120547 0.364192 0.075938 0.344918
1 0.761297 0.406885 0.100687 0.493115
1 0.038898 0.324356 0.065828 0.309415
1 0.358148 0.280691 0.022828 0.083630
1 0.409898 0.282752 0.016109 0.066862
1 0.246219 0.290375 0.032031 0.097564
1 0.489969 0.288267 0.011875 0.041499
1 0.896266 0.404918 0.086656 0.520890
3 0.453453 0.269110 0.019500 0.038080
3 0.208023 0.275164 0.046984 0.037447
3 0.168773 0.294789 0.048828 0.051593
3 0.161000 0.253934 0.033437 0.016581
3 0.277742 0.287775 0.039547 0.044169
3 0.091578 0.295176 0.018156 0.053349
3 0.339531 0.269906 0.028625 0.032459
3 0.160367 0.273208 0.037859 0.031054
1 0.306883 0.280644 0.035766 0.110094
1 0.396477 0.289344 0.009922 0.041733
