64 0.346313 0.933439 0.031313 0.052371
64 0.285539 0.929636 0.012922 0.046268
64 0.619852 0.909038 0.075078 0.071643
64 0.228109 0.928838 0.043375 0.074155
64 0.054469 0.949777 0.031344 0.067254
64 0.710734 0.862829 0.088438 0.143498
64 0.812211 0.915728 0.074797 0.096620
15 0.132383 0.964190 0.127141 0.044953
15 0.146523 0.970012 0.147922 0.059977
64 0.282562 0.974366 0.030906 0.050657
64 0.318305 0.938662 0.017453 0.046009
64 0.322828 0.875857 0.045562 0.065798
64 0.328016 0.934448 0.021688 0.057300
