44 0.668859 0.352812 0.016781 0.058167
54 0.622570 0.340323 0.017234 0.029271
54 0.737945 0.370719 0.023734 0.049937
54 0.724625 0.380906 0.016125 0.024562
1 0.266891 0.377250 0.128375 0.407667
1 0.763344 0.462146 0.151625 0.544500
15 0.542461 0.692000 0.754422 0.363833
15 0.245148 0.412135 0.418453 0.191646
27 0.820094 0.485010 0.098281 0.091604
27 0.379141 0.577896 0.081937 0.166750
27 0.456531 0.600385 0.122781 0.119063
1 0.476602 0.364625 0.121203 0.391417
1 0.585063 0.510115 0.136031 0.558479
27 0.303734 0.617958 0.094000 0.117917
27 0.701797 0.375448 0.052469 0.169937
44 0.781742 0.596417 0.021172 0.020833
44 0.533266 0.633302 0.023406 0.021854
1 0.665531 0.389854 0.087250 0.311875
54 0.311594 0.286083 0.015063 0.036792
