62 0.388969 0.846273 0.384646 0.307453
62 0.276875 0.807305 0.316833 0.313016
62 0.118562 0.770438 0.162250 0.246188
1 0.273344 0.476984 0.266854 0.655312
73 0.710385 0.321555 0.137396 0.089609
27 0.698865 0.929750 0.326562 0.140500
27 0.116604 0.574406 0.063792 0.045000
62 0.107135 0.685570 0.214271 0.204141
62 0.391167 0.575727 0.076792 0.088922
72 0.465781 0.314711 0.187854 0.128922
76 0.712656 0.590609 0.077687 0.009281
76 0.474938 0.549055 0.051167 0.008672
62 0.139990 0.603977 0.146229 0.120984
62 0.106021 0.599453 0.142958 0.136469
62 0.504406 0.614391 0.125104 0.119687
62 0.016625 0.518102 0.031708 0.027328
72 0.513687 0.519547 0.097000 0.070688
72 0.388906 0.488023 0.035188 0.029141
