18 0.555273 0.895618 0.090547 0.087055
1 0.833328 0.767031 0.159281 0.396865
1 0.225117 0.635819 0.054828 0.138907
15 0.942477 0.764572 0.115047 0.183872
15 0.564641 0.711200 0.187688 0.177126
15 0.361086 0.682435 0.123391 0.137031
15 0.244977 0.649181 0.059234 0.095511
1 0.516969 0.601271 0.028687 0.069952
1 0.365180 0.596746 0.017203 0.042090
15 0.545813 0.607779 0.016344 0.038314
15 0.889875 0.629952 0.074094 0.026651
84 0.207719 0.622732 0.018875 0.022898
1 0.467750 0.595689 0.035063 0.032185
62 0.543984 0.609679 0.019094 0.040736
1 0.306602 0.588587 0.024203 0.047625
