1 0.688766 0.246070 0.316844 0.343828
47 0.401148 0.315625 0.303391 0.270125
47 0.840797 0.567273 0.078438 0.153328
47 0.924312 0.550844 0.086906 0.113500
47 0.897516 0.708078 0.098188 0.198469
47 0.611672 0.482133 0.065562 0.085797
47 0.588688 0.410680 0.024938 0.068891
48 0.761398 0.703289 0.125578 0.096422
49 0.786695 0.700703 0.126484 0.071844
49 0.694336 0.461875 0.028516 0.042156
1 0.402687 0.503727 0.778531 0.968672
1 0.918461 0.284695 0.121578 0.433172
67 0.729555 0.677914 0.498078 0.600797
47 0.946055 0.650203 0.073922 0.179125
