72 0.691445 0.161771 0.081016 0.125792
63 0.221297 0.485625 0.442594 0.371250
63 0.432008 0.791427 0.838328 0.396146
67 0.470219 0.600427 0.273031 0.316854
75 0.493133 0.483750 0.044547 0.023125
84 0.526258 0.334958 0.012922 0.065292
84 0.444461 0.428615 0.004297 0.036229
84 0.417539 0.460229 0.078578 0.042333
84 0.476289 0.424802 0.016953 0.064313
84 0.508539 0.419167 0.006953 0.053458
84 0.551109 0.333062 0.015406 0.061625
84 0.536609 0.332896 0.018563 0.068500
84 0.514484 0.341104 0.006219 0.062000
84 0.411914 0.487823 0.079516 0.038104
84 0.526773 0.417073 0.015484 0.055354
84 0.459375 0.355438 0.013406 0.056208
62 0.440258 0.789615 0.857141 0.394812
63 0.831922 0.725677 0.336156 0.548646
84 0.483195 0.290615 0.022359 0.008479
84 0.483734 0.247583 0.026375 0.010000
