3 0.313531 0.779557 0.090094 0.077669
4 0.219859 0.792331 0.038531 0.067273
6 0.477305 0.750012 0.131641 0.158811
1 0.638484 0.862179 0.108594 0.271072
1 0.872187 0.870967 0.083312 0.258065
1 0.691625 0.855979 0.069281 0.269534
1 0.822203 0.863543 0.054937 0.212960
1 0.982602 0.867156 0.034797 0.255152
1 0.969352 0.833124 0.038422 0.168252
1 0.846313 0.763170 0.007687 0.025082
1 0.732914 0.845874 0.043391 0.200793
1 0.763344 0.815023 0.027187 0.116807
32 0.679453 0.792308 0.006813 0.032681
31 0.740484 0.814068 0.018188 0.024872
1 0.079852 0.770443 0.031734 0.085268
10 0.270492 0.685629 0.007453 0.024825
31 0.626578 0.848357 0.059969 0.141562
1 0.955664 0.785385 0.022359 0.103636
3 0.659109 0.747995 0.020938 0.024709
3 0.547109 0.724860 0.009875 0.016993
3 0.556320 0.727517 0.015297 0.019417
28 0.664773 0.891434 0.016828 0.073823
1 0.922070 0.826923 0.033141 0.136177
1 0.117133 0.787214 0.017578 0.096154
31 0.945750 0.799406 0.010437 0.023706
31 0.205891 0.769860 0.016969 0.035385
31 0.799461 0.902308 0.019953 0.046807
10 0.138203 0.334103 0.142437 0.356177
10 0.290336 0.394184 0.117984 0.255455
10 0.406445 0.612494 0.015484 0.032448
