1 0.643250 0.545105 0.122656 0.556066
38 0.549281 0.331007 0.164406 0.346230
3 0.883578 0.058677 0.069531 0.034871
3 0.828898 0.045796 0.065359 0.034075
3 0.760750 0.052014 0.068531 0.045714
3 0.641469 0.049496 0.063906 0.041710
3 0.500297 0.047600 0.052844 0.026393
3 0.208953 0.039251 0.037500 0.033630
3 0.919648 0.058466 0.031203 0.038244
3 0.373258 0.050609 0.031891 0.028244
3 0.963891 0.058993 0.062000 0.035878
3 0.551469 0.047026 0.049344 0.029368
3 0.107766 0.040691 0.046437 0.026909
3 0.318328 0.051241 0.027375 0.038782
3 0.161414 0.040316 0.057953 0.042178
