1 0.677641 0.982148 0.012000 0.034765
1 0.778219 0.983838 0.015406 0.032324
38 0.203820 0.240986 0.203484 0.229765
1 0.529789 0.985023 0.007516 0.029953
1 0.522086 0.986843 0.009109 0.026315
1 0.811531 0.977570 0.022062 0.044859
1 0.374031 0.981185 0.020906 0.037629
1 0.333953 0.979354 0.011969 0.041291
1 0.887609 0.976937 0.011187 0.024296
38 0.972562 0.549401 0.054875 0.070775
38 0.705164 0.037817 0.158297 0.075634
38 0.388461 0.824131 0.022016 0.054038
38 0.193844 0.844918 0.132156 0.218568
38 0.503906 0.901643 0.076563 0.044601
38 0.654367 0.493638 0.335234 0.893474
38 0.161305 0.668251 0.035797 0.040775
38 0.337820 0.954671 0.064891 0.090657
38 0.190695 0.645833 0.044891 0.082371
38 0.261828 0.656749 0.013375 0.016831
1 0.476156 0.990059 0.007125 0.019225
1 0.360617 0.981185 0.016047 0.037629
1 0.688469 0.978415 0.012438 0.043169
1 0.753617 0.982887 0.016016 0.023052
1 0.314805 0.982359 0.014266 0.035282
