3 0.639883 0.924255 0.222859 0.116335
3 0.546570 0.866056 0.135078 0.161056
3 0.329500 0.689607 0.040500 0.033126
6 0.498102 0.747961 0.195203 0.204948
1 0.818953 0.834586 0.040844 0.148634
1 0.775875 0.829990 0.039563 0.138075
1 0.742891 0.829306 0.043469 0.147267
1 0.226062 0.747557 0.021125 0.083644
1 0.244102 0.750673 0.015703 0.080104
1 0.259922 0.724213 0.017000 0.066894
1 0.290039 0.726211 0.017547 0.064555
1 0.238250 0.705248 0.019219 0.046522
1 0.221687 0.698872 0.016625 0.034555
1 0.108062 0.881812 0.053500 0.176046
3 0.278648 0.689565 0.046672 0.050269
3 0.303758 0.676253 0.030641 0.041325
1 0.658164 0.746408 0.024453 0.084658
1 0.275430 0.703499 0.013453 0.056398
2 0.290016 0.745052 0.008812 0.040248
