1 0.222469 0.633708 0.323594 0.705625
1 0.682500 0.442437 0.159844 0.351042
1 0.767805 0.460562 0.076172 0.321625
1 0.849430 0.403719 0.088109 0.154104
1 0.912828 0.609937 0.174344 0.780125
47 0.092305 0.930729 0.119172 0.138542
51 0.561391 0.816656 0.205750 0.113063
51 0.750656 0.811750 0.200094 0.130667
58 0.362852 0.794229 0.048141 0.068667
58 0.627641 0.829396 0.043281 0.052333
58 0.598641 0.786687 0.068156 0.044125
58 0.564867 0.805208 0.049141 0.069542
58 0.529953 0.832812 0.024031 0.040875
58 0.548086 0.837906 0.024016 0.032396
58 0.602875 0.812906 0.025531 0.061479
1 0.117977 0.457302 0.151672 0.397771
1 0.036055 0.417438 0.072109 0.242000
1 0.920195 0.574083 0.159609 0.202375
1 0.923430 0.553344 0.125953 0.264688
10 0.801258 0.304948 0.013484 0.023062
47 0.441977 0.978250 0.083703 0.043500
50 0.827602 0.654927 0.058547 0.098771
51 0.837789 0.527302 0.106547 0.135521
58 0.539328 0.798187 0.031938 0.047125
58 0.568438 0.839427 0.013844 0.027479
1 0.425563 0.542698 0.234281 0.694396
1 0.039398 0.605385 0.078797 0.504021
58 0.497359 0.843896 0.022156 0.028250
58 0.600039 0.851656 0.019172 0.014854
62 0.963438 0.590500 0.072344 0.072708
1 0.622547 0.502292 0.264219 0.532833
58 0.584367 0.785427 0.040578 0.033063
58 0.638516 0.836917 0.022406 0.046000
