88 0.096594 0.794812 0.186281 0.285718
88 0.246148 0.745988 0.195953 0.282659
88 0.389961 0.313800 0.257672 0.450518
88 0.689516 0.387459 0.122531 0.294871
88 0.846117 0.311965 0.182203 0.241247
88 0.383969 0.647153 0.181781 0.171341
88 0.629336 0.630318 0.178922 0.284024
88 0.742977 0.572435 0.119203 0.157718
88 0.848531 0.500518 0.242094 0.372518
88 0.510617 0.678200 0.161234 0.261106
88 0.169523 0.431753 0.055859 0.140212
88 0.260453 0.372729 0.103500 0.174024
88 0.077195 0.534671 0.153391 0.266612
