44 0.324414 0.588481 0.480266 0.343084
44 0.296594 0.306028 0.043312 0.169626
62 0.204828 0.403937 0.094844 0.154977
67 0.362727 0.715678 0.725391 0.568645
62 0.026781 0.494860 0.036562 0.110888
46 0.584383 0.566495 0.059922 0.208785
46 0.502070 0.503002 0.054703 0.190304
46 0.565805 0.736706 0.076641 0.265187
46 0.291430 0.487126 0.050922 0.176822
46 0.170734 0.800257 0.088156 0.208972
46 0.391602 0.452862 0.043828 0.166285
46 0.127453 0.493166 0.065969 0.174883
50 0.163414 0.937313 0.160078 0.117617
51 0.424148 0.766857 0.134109 0.136425
55 0.423375 0.689650 0.024000 0.033832
55 0.372609 0.704159 0.028781 0.053224
55 0.397172 0.676110 0.010125 0.032407
55 0.399016 0.696379 0.017719 0.015140
1 0.891484 0.617640 0.217031 0.764720
1 0.786047 0.475853 0.266500 0.667266
1 0.499727 0.319030 0.212891 0.346379
1 0.123523 0.355876 0.174672 0.315304
1 0.037570 0.261799 0.075141 0.258411
1 0.108352 0.164217 0.066547 0.114836
1 0.379250 0.216227 0.113031 0.252033
1 0.193125 0.311530 0.125469 0.297173
1 0.314844 0.119848 0.045906 0.106005
32 0.333055 0.301963 0.016266 0.032710
46 0.436055 0.466063 0.029984 0.062266
46 0.277680 0.407150 0.045391 0.085374
48 0.633164 0.578259 0.070859 0.016659
48 0.415148 0.461157 0.014141 0.035350
49 0.654242 0.685911 0.121328 0.030748
51 0.279008 0.805292 0.148609 0.139790
62 0.612398 0.456694 0.036953 0.149042
62 0.022828 0.407290 0.044562 0.052290
84 0.764414 0.538668 0.125234 0.176729
1 0.411836 0.166460 0.083391 0.156379
44 0.210977 0.205935 0.015141 0.075280
44 0.294070 0.210607 0.015516 0.080093
44 0.280273 0.198645 0.014797 0.061215
44 0.229656 0.205269 0.018438 0.075537
44 0.009164 0.533797 0.018328 0.075210
46 0.052430 0.769346 0.098297 0.260047
46 0.143945 0.535350 0.034609 0.097617
47 0.436688 0.606682 0.068187 0.172710
47 0.338406 0.897664 0.060344 0.170841
47 0.334781 0.487465 0.032781 0.096799
47 0.180875 0.503925 0.027500 0.095187
1 0.223891 0.156308 0.088344 0.110701
32 0.322945 0.137558 0.007297 0.005584
62 0.418227 0.312477 0.035047 0.099439
1 0.326547 0.296565 0.198219 0.309579
46 0.060203 0.512722 0.056500 0.176612
