37 0.540386 0.427969 0.071780 0.024156
1 0.359496 0.480500 0.548876 0.521875
1 0.574906 0.233039 0.098618 0.059609
1 0.249110 0.170477 0.157986 0.154609
1 0.884859 0.161344 0.155574 0.120687
1 0.132518 0.221695 0.102740 0.053234
40 0.508958 0.382352 0.088173 0.064172
1 0.380515 0.139789 0.145152 0.148672
1 0.738759 0.236969 0.101311 0.065281
1 0.440398 0.202141 0.117424 0.108813
1 0.762225 0.159555 0.159813 0.118766
1 0.050023 0.165297 0.100047 0.094500
39 0.474859 0.447258 0.086300 0.070859
1 0.565328 0.494148 0.141850 0.178172
