3 0.106271 0.324344 0.132824 0.044094
1 0.323176 0.562234 0.639576 0.838188
1 0.466482 0.341094 0.048400 0.082719
60 0.672976 0.624695 0.058094 0.049797
60 0.565482 0.662352 0.070400 0.031984
3 0.488635 0.330328 0.095624 0.068156
60 0.713212 0.672391 0.071976 0.032125
60 0.769635 0.667125 0.043788 0.028813
60 0.850224 0.696008 0.053624 0.026203
60 0.727082 0.535922 0.061553 0.021281
60 0.780624 0.701547 0.062659 0.029094
60 0.658471 0.644633 0.081412 0.039953
60 0.749671 0.686188 0.047624 0.026469
60 0.654141 0.529344 0.065553 0.023031
60 0.532906 0.706875 0.070941 0.016781
60 0.807776 0.672820 0.046753 0.041984
60 0.717341 0.707250 0.057694 0.027094
