1 0.660293 0.616480 0.679413 0.730320
1 0.484040 0.467220 0.046480 0.091680
1 0.514187 0.456730 0.055627 0.106260
1 0.446907 0.466800 0.037547 0.098040
1 0.279573 0.435210 0.032213 0.028940
1 0.325160 0.444840 0.045467 0.073240
1 0.247600 0.437140 0.035840 0.060160
1 0.216000 0.452230 0.028853 0.063100
1 0.074027 0.450060 0.030187 0.059840
10 0.033440 0.349800 0.032587 0.025280
1 0.137200 0.449840 0.034880 0.068400
1 0.094067 0.450270 0.022213 0.056180
10 0.217213 0.359510 0.042000 0.050060
10 0.735853 0.353470 0.028187 0.041860
10 0.458400 0.367920 0.038027 0.069680
28 0.484667 0.402210 0.066240 0.013300
