1 0.550547 0.978823 0.021781 0.041312
1 0.381664 0.983802 0.019328 0.027396
28 0.267188 0.477542 0.262281 0.262542
28 0.330336 0.269667 0.144953 0.139333
28 0.500742 0.398781 0.208359 0.180771
28 0.501305 0.553708 0.153234 0.139708
28 0.624437 0.684823 0.150000 0.119104
28 0.611828 0.579677 0.118719 0.097438
28 0.721828 0.592031 0.099969 0.107312
28 0.833305 0.591760 0.133016 0.128229
28 0.881219 0.742021 0.111531 0.126875
28 0.549086 0.224719 0.139859 0.140979
28 0.879211 0.920948 0.169266 0.158104
28 0.660273 0.184135 0.097641 0.102438
1 0.464375 0.989490 0.014656 0.019188
28 0.707906 0.394479 0.140625 0.133167
