6 0.436904 0.351789 0.086029 0.113807
1 0.591013 0.583709 0.260686 0.586503
1 0.809199 0.612394 0.094412 0.184690
1 0.906340 0.655670 0.125065 0.252614
1 0.559567 0.384845 0.024722 0.060114
1 0.101315 0.274665 0.024395 0.049886
1 0.221691 0.295850 0.022631 0.035098
1 0.538987 0.393570 0.027745 0.040016
1 0.269028 0.304208 0.008873 0.015147
1 0.173897 0.290686 0.029101 0.062745
3 0.550180 0.445327 0.067876 0.060327
3 0.316283 0.324011 0.045408 0.026879
3 0.382108 0.338047 0.034902 0.024265
10 0.729632 0.214951 0.127042 0.152222
10 0.315694 0.217337 0.014657 0.018595
10 0.461487 0.279011 0.015327 0.018480
31 0.755784 0.591740 0.048366 0.050147
31 0.856299 0.686356 0.033775 0.068007
31 0.930515 0.712034 0.038709 0.068382
1 0.121258 0.277770 0.026340 0.053284
41 0.498317 0.881699 0.089248 0.044281
1 0.885147 0.621757 0.141863 0.245016
3 0.355564 0.330531 0.036683 0.023382
