10 0.407328 0.655188 0.022594 0.055083
10 0.564391 0.379052 0.094250 0.063979
1 0.531008 0.848750 0.080641 0.299833
1 0.484000 0.838417 0.035250 0.229125
3 0.399656 0.759188 0.029969 0.035667
3 0.989195 0.827125 0.021297 0.061958
1 0.588703 0.745094 0.010063 0.025687
1 0.615125 0.746906 0.005437 0.033104
1 0.476031 0.820844 0.026188 0.221812
8 0.436211 0.744250 0.037953 0.069667
10 0.068547 0.635906 0.025906 0.048604
10 0.099102 0.667479 0.019641 0.039708
77 0.559688 0.796323 0.003562 0.007562
3 0.419930 0.751469 0.023141 0.035062
3 0.374320 0.744760 0.012203 0.017771
10 0.073781 0.415083 0.020406 0.044208
1 0.463383 0.769271 0.033172 0.142833
