36 0.499461 0.563635 0.122891 0.414854
36 0.367414 0.637083 0.168547 0.698875
36 0.044664 0.502250 0.082578 0.294375
35 0.361797 0.633021 0.209500 0.713625
35 0.205594 0.642354 0.202937 0.687042
35 0.091766 0.797646 0.123531 0.376458
35 0.127945 0.484708 0.114703 0.334125
35 0.222484 0.590417 0.133656 0.387292
35 0.290133 0.604656 0.119516 0.414688
35 0.963297 0.567937 0.030469 0.356958
35 0.614609 0.601292 0.138313 0.553250
35 0.711961 0.638240 0.156891 0.606854
35 0.546312 0.586688 0.114031 0.445875
35 0.671109 0.616219 0.159406 0.561896
35 0.889273 0.610677 0.083797 0.491646
35 0.539008 0.573854 0.113859 0.434458
