36 0.776115 0.718242 0.203937 0.089703
1 0.534552 0.586648 0.350812 0.475547
1 0.385021 0.520227 0.512375 0.617984
1 0.874625 0.337047 0.026917 0.044375
1 0.830865 0.330758 0.016854 0.036797
1 0.672312 0.346141 0.034500 0.062031
36 0.163469 0.643437 0.169813 0.424531
1 0.176625 0.342836 0.013625 0.020859
1 0.098646 0.347313 0.010583 0.012844
1 0.726573 0.338625 0.004187 0.006656
1 0.009896 0.326203 0.007458 0.012656
1 0.086573 0.338672 0.015312 0.017375
1 0.056729 0.326055 0.004875 0.012453
1 0.056125 0.343117 0.012667 0.016797
1 0.195760 0.322664 0.006396 0.013922
