28 0.726750 0.431042 0.310312 0.191708
3 0.578031 0.477052 0.038875 0.051854
3 0.533445 0.497958 0.072641 0.071250
3 0.343477 0.499021 0.026828 0.059125
8 0.445641 0.475000 0.108937 0.157792
1 0.765711 0.742365 0.164328 0.508646
1 0.254156 0.489531 0.019031 0.063646
31 0.832219 0.628521 0.059937 0.155292
1 0.199687 0.487073 0.014125 0.051438
1 0.213227 0.474708 0.006953 0.032583
14 0.640164 0.541583 0.019703 0.052542
1 0.174531 0.490781 0.017313 0.076271
3 0.899547 0.561510 0.200906 0.359438
8 0.358258 0.467438 0.041547 0.133417
