77 0.502961 0.249112 0.012109 0.042989
77 0.162055 0.112112 0.007359 0.024270
77 0.726930 0.278191 0.011141 0.011393
1 0.532813 0.525843 0.181250 0.849438
1 0.200453 0.307427 0.150344 0.511258
1 0.776828 0.393618 0.149000 0.567146
1 0.968852 0.189135 0.022859 0.070404
1 0.737359 0.167112 0.020313 0.044337
1 0.898438 0.197753 0.034375 0.112360
1 0.717609 0.191494 0.027219 0.088247
1 0.700555 0.152742 0.026047 0.031281
1 0.235141 0.131416 0.031500 0.040494
1 0.050227 0.307124 0.078703 0.177079
27 0.582047 0.203865 0.025062 0.056764
