64 0.257305 0.239005 0.281234 0.421522
67 0.452117 0.630597 0.684453 0.705878
1 0.743633 0.503372 0.512734 0.961780
1 0.247156 0.495363 0.494313 0.990726
47 0.455117 0.594204 0.072578 0.136885
48 0.568586 0.669567 0.130516 0.078150
48 0.564250 0.715082 0.157781 0.049555
61 0.407914 0.835363 0.095922 0.142810
61 0.500734 0.852377 0.092156 0.127283
78 0.673938 0.324731 0.187406 0.200000
86 0.276844 0.374403 0.132562 0.165199
61 0.472742 0.313525 0.047016 0.084286
84 0.386875 0.474297 0.097281 0.080070
84 0.097820 0.260433 0.103203 0.044895
