44 0.159891 0.306869 0.048188 0.192568
44 0.027047 0.292140 0.048812 0.236261
44 0.193750 0.291779 0.037281 0.156261
44 0.061391 0.266858 0.035000 0.161419
1 0.290750 0.505766 0.378844 0.862928
44 0.221000 0.246757 0.016438 0.071126
1 0.094727 0.256160 0.045234 0.105203
1 0.428758 0.267849 0.108953 0.133536
1 0.966680 0.123784 0.064516 0.221802
1 0.729953 0.604493 0.540094 0.750563
1 0.849648 0.461791 0.143422 0.451689
44 0.123953 0.309167 0.038500 0.198198
77 0.738539 0.500304 0.082891 0.225428
1 0.889383 0.210023 0.134766 0.133153
