44 0.139530 0.114970 0.075580 0.229940
48 0.101220 0.780313 0.202440 0.254060
48 0.113930 0.815313 0.224860 0.218448
49 0.403950 0.823478 0.211340 0.295313
49 0.828230 0.585806 0.334300 0.114537
50 0.774640 0.847179 0.332760 0.103373
51 0.674520 0.844955 0.352320 0.287642
61 0.421010 0.377254 0.380260 0.360358
48 0.060980 0.719104 0.109920 0.211224
48 0.043420 0.732343 0.086840 0.191075
48 0.093830 0.733418 0.135940 0.176806
50 0.777870 0.634985 0.107340 0.151881
67 0.500000 0.492821 1.000000 0.981701
46 0.681060 0.156940 0.057480 0.308866
48 0.099400 0.712881 0.088360 0.147493
48 0.069170 0.744209 0.136060 0.222269
86 0.670060 0.190478 0.162480 0.211940
