19 0.447078 0.621507 0.678687 0.735502
1 0.461023 0.361594 0.358797 0.696681
1 0.222594 0.117325 0.064062 0.108406
1 0.159141 0.370295 0.084969 0.152380
1 0.345547 0.388603 0.049969 0.126288
1 0.092531 0.363908 0.058281 0.146987
1 0.172609 0.126299 0.090531 0.147838
1 0.921133 0.134017 0.062859 0.117118
1 0.766531 0.076190 0.055219 0.098581
1 0.098937 0.161965 0.066094 0.114847
1 0.062227 0.137937 0.046922 0.084301
1 0.823094 0.179290 0.062625 0.086092
1 0.431047 0.151452 0.045906 0.086528
62 0.925297 0.371627 0.057437 0.099498
62 0.975859 0.373690 0.042531 0.101965
62 0.925961 0.250142 0.043859 0.037227
62 0.371758 0.201299 0.055453 0.060415
1 0.166820 0.177915 0.050516 0.096266
62 0.326961 0.326343 0.097891 0.055131
62 0.932859 0.206004 0.060719 0.031965
62 0.321656 0.201954 0.054344 0.059367
62 0.762219 0.215382 0.057813 0.093035
