1 0.762660 0.926240 0.044760 0.142667
1 0.685830 0.881853 0.025540 0.046907
1 0.650220 0.876467 0.033920 0.048453
1 0.234670 0.756573 0.012420 0.057093
1 0.219440 0.758253 0.019600 0.057307
1 0.127240 0.792133 0.062360 0.231467
1 0.671010 0.716787 0.012260 0.034213
1 0.072190 0.683347 0.006540 0.024720
38 0.535560 0.417280 0.105360 0.084853
38 0.622390 0.174333 0.287500 0.102693
38 0.356840 0.202613 0.053560 0.041920
38 0.466940 0.159827 0.038120 0.030480
38 0.396760 0.489187 0.113720 0.053467
38 0.426940 0.495000 0.085920 0.046800
38 0.696210 0.632053 0.152500 0.112800
38 0.911360 0.598533 0.021320 0.032640
38 0.786190 0.636813 0.028780 0.029307
38 0.397390 0.180480 0.020820 0.014133
38 0.379790 0.406133 0.039580 0.026773
62 0.651860 0.907413 0.034680 0.064853
62 0.694660 0.904107 0.038240 0.060427
1 0.069810 0.738507 0.024340 0.064107
1 0.046190 0.835347 0.091260 0.176987
38 0.451510 0.363053 0.049060 0.036293
1 0.510960 0.693227 0.003960 0.012160
1 0.196990 0.701467 0.003100 0.011680
27 0.117000 0.939000 0.039960 0.072720
62 0.123940 0.871573 0.046520 0.044373
62 0.032410 0.918933 0.064820 0.018560
1 0.800450 0.911813 0.056180 0.141973
