85 0.481383 0.408646 0.038516 0.049708
8 0.858633 0.805677 0.282734 0.187854
15 0.157445 0.881073 0.080859 0.052521
31 0.297477 0.881990 0.014453 0.030604
1 0.628289 0.834250 0.018391 0.085833
1 0.590148 0.837802 0.027516 0.093021
1 0.607453 0.847812 0.020875 0.093042
1 0.042664 0.832365 0.010078 0.054021
1 0.360578 0.862979 0.022281 0.101708
1 0.109187 0.838094 0.015875 0.100271
1 0.204336 0.847427 0.026359 0.107521
1 0.239039 0.855073 0.029422 0.107729
1 0.303164 0.852948 0.022922 0.123104
1 0.576555 0.852385 0.015484 0.054854
1 0.082625 0.843083 0.020125 0.085583
1 0.146820 0.854167 0.031359 0.113917
1 0.643328 0.839948 0.014906 0.089104
