37 0.362342 0.107023 0.054379 0.027016
62 0.410843 0.063758 0.189415 0.115891
62 0.599918 0.084797 0.141803 0.073344
62 0.934391 0.039273 0.131218 0.078547
62 0.565351 0.501367 0.033185 0.125453
62 0.533899 0.140930 0.192108 0.048172
1 0.453372 0.558125 0.331569 0.670438
1 0.332237 0.474898 0.145738 0.184109
1 0.225902 0.543313 0.103279 0.069719
1 0.046967 0.539797 0.093091 0.078563
43 0.330913 0.152078 0.078407 0.161375
62 0.139461 0.147094 0.190820 0.047188
62 0.606066 0.026727 0.167213 0.051234
62 0.786651 0.057492 0.172553 0.107234
62 0.243642 0.091367 0.149813 0.078797
62 0.470468 0.374523 0.206511 0.066391
