2 0.617492 0.726063 0.241234 0.217827
2 0.153500 0.827582 0.298344 0.325444
2 0.909867 0.565853 0.027734 0.070117
2 0.934672 0.532021 0.018125 0.053294
1 0.910336 0.532418 0.030016 0.106986
1 0.621953 0.604404 0.129812 0.297967
1 0.220375 0.658119 0.114375 0.138762
1 0.863758 0.521098 0.014328 0.079252
1 0.835781 0.511624 0.021469 0.085070
1 0.934992 0.507886 0.021109 0.086285
1 0.968117 0.499428 0.018609 0.057547
1 0.890523 0.519042 0.019703 0.078925
1 0.949266 0.491250 0.008594 0.028855
3 0.244203 0.598762 0.469469 0.324579
3 0.433039 0.572278 0.253797 0.182921
3 0.508344 0.522523 0.197313 0.135140
3 0.711359 0.499942 0.125844 0.078107
3 0.641289 0.531706 0.119297 0.121308
3 0.700258 0.531776 0.101359 0.086121
3 0.691734 0.549977 0.087094 0.077944
2 0.966766 0.514708 0.008531 0.027687
62 0.185156 0.740374 0.069125 0.182383
1 0.901250 0.481075 0.010250 0.024579
3 0.763578 0.511846 0.072250 0.061402
3 0.765141 0.504942 0.082281 0.055397
3 0.804898 0.486881 0.025234 0.026285
3 0.778109 0.484229 0.074219 0.035280
3 0.703602 0.510374 0.099766 0.082757
1 0.824719 0.500456 0.019281 0.070911
