9 0.044180 0.664306 0.066672 0.013333
1 0.771594 0.757963 0.040094 0.043009
1 0.225141 0.686204 0.012531 0.036019
1 0.300875 0.686933 0.015656 0.038634
9 0.101922 0.666910 0.025531 0.016921
1 0.098352 0.682789 0.015766 0.030718
1 0.640531 0.691366 0.005469 0.025046
1 0.516273 0.679456 0.003766 0.015579
28 0.813898 0.200787 0.350266 0.363241
28 0.645523 0.607130 0.212641 0.103796
28 0.321570 0.187650 0.624953 0.343819
9 0.147617 0.666157 0.022016 0.016713
9 0.266109 0.792303 0.073000 0.058310
9 0.413664 0.789120 0.059234 0.062593
9 0.548523 0.775370 0.107922 0.055324
9 0.628898 0.765972 0.067516 0.052917
9 0.344586 0.787870 0.087484 0.061667
9 0.675906 0.768565 0.073500 0.044722
1 0.523648 0.678368 0.004641 0.017940
1 0.569547 0.677569 0.003375 0.014630
1 0.574219 0.674745 0.002781 0.012361
9 0.472914 0.781736 0.066047 0.047500
