72 0.238398 0.456047 0.108172 0.168372
63 0.377039 0.446468 0.093078 0.169971
47 0.643969 0.857369 0.032844 0.061134
84 0.530211 0.433401 0.027422 0.041047
84 0.494219 0.424869 0.022375 0.050552
84 0.415359 0.293212 0.024156 0.022238
84 0.443586 0.265887 0.026641 0.020494
84 0.452414 0.346555 0.011016 0.039797
84 0.438500 0.350349 0.009844 0.042558
84 0.413187 0.305552 0.020813 0.024477
84 0.580539 0.820392 0.058891 0.085378
84 0.186734 0.625349 0.013875 0.065174
84 0.445469 0.345145 0.014313 0.047035
84 0.403609 0.369244 0.007656 0.044535
62 0.090055 0.693823 0.180109 0.278750
62 0.381852 0.451555 0.106922 0.172703
84 0.606687 0.825872 0.028125 0.048663
86 0.570789 0.323866 0.019172 0.050930
1 0.958625 0.336148 0.021000 0.051017
63 0.618078 0.613125 0.136031 0.357529
16 0.709211 0.315000 0.017047 0.026802
84 0.169625 0.561846 0.013406 0.015262
86 0.762547 0.570669 0.026906 0.054012
