3 0.909617 0.609646 0.121016 0.060667
6 0.544383 0.526969 0.620234 0.550562
1 0.153367 0.625385 0.015297 0.079187
1 0.111977 0.622677 0.021922 0.085021
1 0.225703 0.626719 0.024813 0.066146
1 0.054867 0.623656 0.021297 0.073563
1 0.401953 0.377385 0.042969 0.061396
1 0.582477 0.611260 0.026391 0.037937
1 0.036891 0.628302 0.025406 0.084563
1 0.073234 0.628875 0.020125 0.080500
1 0.177906 0.625385 0.027000 0.080104
1 0.808023 0.456094 0.021297 0.040271
1 0.780281 0.449469 0.024688 0.046229
1 0.021734 0.629740 0.025500 0.074938
3 0.981281 0.597188 0.037375 0.038500
1 0.008086 0.621687 0.016172 0.080833
