56 0.419672 0.632085 0.079937 0.139154
56 0.293820 0.623699 0.078422 0.175737
56 0.091406 0.194561 0.065938 0.136144
56 0.567633 0.625878 0.060984 0.103542
56 0.543617 0.746865 0.077078 0.121881
57 0.147945 0.694530 0.073203 0.151693
57 0.852375 0.473009 0.193062 0.302821
57 0.189898 0.817382 0.080141 0.173950
57 0.080922 0.822351 0.082094 0.171787
57 0.185891 0.524702 0.087969 0.164702
57 0.618258 0.698793 0.050047 0.083480
57 0.667711 0.653150 0.054109 0.116771
57 0.345148 0.764044 0.034609 0.083009
57 0.856016 0.759796 0.174437 0.290502
57 0.919359 0.245878 0.025938 0.096959
57 0.589164 0.805251 0.044797 0.096646
51 0.606172 0.506505 0.212875 0.835956
51 0.144711 0.512351 0.234891 0.830909
51 0.846602 0.503558 0.241047 0.835831
56 0.204211 0.226348 0.060422 0.090313
57 0.153648 0.177759 0.063891 0.097461
57 0.343477 0.561223 0.035516 0.071285
51 0.356641 0.506442 0.222219 0.834953
67 0.500617 0.492586 0.998766 0.985172
