77 0.731195 0.517134 0.007984 0.016675
10 0.642820 0.222665 0.015172 0.106179
1 0.716094 0.706745 0.131000 0.514623
1 0.086344 0.677524 0.083375 0.361792
1 0.871672 0.570778 0.096781 0.319104
1 0.522164 0.571568 0.052797 0.252995
1 0.773945 0.361014 0.018297 0.067783
31 0.455102 0.498290 0.031547 0.083325
31 0.607859 0.465436 0.044375 0.105118
1 0.762984 0.395672 0.021375 0.098090
1 0.314406 0.545177 0.049938 0.264127
1 0.798266 0.683950 0.094875 0.483939
1 0.214102 0.571946 0.060984 0.255495
1 0.471914 0.537370 0.050141 0.224552
1 0.278938 0.509434 0.040031 0.252358
1 0.181797 0.518467 0.026625 0.194340
1 0.389961 0.553314 0.062172 0.283797
