85 0.349657 0.477898 0.034075 0.026734
10 0.497464 0.584453 0.065946 0.126125
10 0.710239 0.546695 0.066216 0.088547
1 0.603836 0.794906 0.060811 0.121687
1 0.918389 0.840000 0.119356 0.260062
31 0.884605 0.788406 0.037775 0.072031
31 0.615146 0.782070 0.035780 0.043922
3 0.032911 0.783641 0.065821 0.066625
3 0.209782 0.774336 0.110790 0.054734
3 0.088035 0.778906 0.120104 0.057594
1 0.641414 0.786117 0.042079 0.105828
1 0.623534 0.747664 0.009688 0.017266
3 0.267911 0.771672 0.061143 0.046687
3 0.296008 0.768008 0.062952 0.045484
10 0.445717 0.598859 0.026736 0.067625
1 0.153857 0.763062 0.020395 0.052781
1 0.128950 0.752281 0.022100 0.038906
1 0.103690 0.745445 0.026008 0.020359
8 0.382401 0.769219 0.128919 0.067250
3 0.586798 0.757227 0.029189 0.035828
3 0.616143 0.735938 0.061975 0.023281
10 0.467775 0.731039 0.010437 0.018234
1 0.733960 0.813148 0.098815 0.198484
