2 0.283290 0.548947 0.337980 0.452773
2 0.366040 0.715347 0.225760 0.099547
47 0.655200 0.634453 0.380880 0.704693
2 0.638790 0.552400 0.130660 0.427627
44 0.182180 0.430013 0.021800 0.060400
44 0.227300 0.423600 0.009440 0.045973
44 0.126190 0.432747 0.017260 0.058880
44 0.882590 0.548000 0.234820 0.904000
44 0.220750 0.428093 0.019340 0.056560
44 0.258970 0.421867 0.019300 0.058400
44 0.202990 0.429693 0.018660 0.055920
44 0.154610 0.432707 0.016340 0.053307
44 0.289240 0.406133 0.012360 0.041013
44 0.240350 0.427387 0.019820 0.056107
44 0.205570 0.422613 0.012780 0.050347
46 0.360720 0.187587 0.024040 0.050000
46 0.377800 0.150707 0.020640 0.035920
1 0.858620 0.290587 0.067160 0.157813
1 0.653090 0.229213 0.173580 0.193253
44 0.293030 0.322827 0.016980 0.074720
44 0.269560 0.340693 0.014640 0.036853
