63 0.721773 0.760219 0.556453 0.458062
63 0.146945 0.669375 0.293891 0.426125
75 0.509469 0.506521 0.033500 0.036500
75 0.300430 0.333042 0.085578 0.068542
31 0.559789 0.705281 0.109797 0.095687
44 0.313031 0.054854 0.039781 0.060625
46 0.239187 0.163771 0.014469 0.066542
46 0.223227 0.166438 0.020422 0.064417
64 0.215727 0.839323 0.431453 0.316854
46 0.274469 0.166333 0.008469 0.066750
46 0.289211 0.165771 0.026797 0.063875
46 0.318531 0.170042 0.013094 0.044458
46 0.302906 0.164760 0.023500 0.065062
62 0.148133 0.665927 0.296266 0.435937
75 0.708375 0.791073 0.049156 0.033229
75 0.586156 0.758094 0.067437 0.061312
1 0.348773 0.577552 0.364016 0.841604
