1 0.671447 0.903648 0.079694 0.134547
1 0.140859 0.861914 0.029671 0.028641
1 0.421871 0.875969 0.042518 0.086156
1 0.776082 0.877547 0.050000 0.077063
1 0.051541 0.844938 0.013906 0.010875
38 0.405941 0.380523 0.461529 0.747203
1 0.933329 0.873164 0.020024 0.042891
1 0.316753 0.852727 0.016612 0.022578
1 0.886176 0.858250 0.022424 0.017281
1 0.842224 0.862328 0.020776 0.031406
38 0.023624 0.708906 0.047247 0.025812
1 0.287753 0.864719 0.035600 0.029625
1 0.463941 0.853820 0.024212 0.023891
38 0.226718 0.765172 0.037341 0.017031
38 0.633306 0.369453 0.726988 0.710063
38 0.243553 0.389844 0.476141 0.588844
38 0.412259 0.890922 0.052706 0.045844
38 0.713082 0.586047 0.056659 0.011375
38 0.652294 0.749219 0.308165 0.136813
1 0.368871 0.849922 0.015859 0.023844
1 0.964271 0.882547 0.068541 0.093500
