28 0.454540 0.350562 0.419374 0.292125
1 0.367270 0.553258 0.067417 0.065047
1 0.753405 0.471438 0.248689 0.240625
1 0.311605 0.457531 0.213973 0.208219
1 0.665577 0.368594 0.107162 0.213906
3 0.621810 0.661953 0.756380 0.496781
1 0.416409 0.545852 0.122485 0.100984
1 0.949941 0.244820 0.100117 0.272109
1 0.152750 0.168664 0.144521 0.238422
1 0.305881 0.210813 0.093131 0.089844
8 0.560460 0.662078 0.879080 0.491375
1 0.548072 0.491977 0.140333 0.227297
1 0.695802 0.032102 0.098963 0.059266
1 0.968757 0.105883 0.062485 0.094859
1 0.242681 0.181656 0.097378 0.171125
1 0.172886 0.607773 0.304677 0.179391
