39 0.367078 0.555441 0.054438 0.090068
40 0.330203 0.790577 0.037969 0.062240
1 0.168828 0.806018 0.152156 0.310588
1 0.276289 0.839842 0.145828 0.270995
1 0.569125 0.393382 0.070938 0.188801
1 0.819570 0.428925 0.066891 0.227579
1 0.457867 0.266889 0.039859 0.118348
1 0.137281 0.198337 0.037406 0.053552
1 0.160570 0.147511 0.019984 0.047195
1 0.605406 0.181290 0.048656 0.062715
1 0.717625 0.174344 0.027813 0.053167
1 0.259344 0.091561 0.021344 0.048326
1 0.409914 0.727952 0.211047 0.371063
1 0.249320 0.218281 0.037422 0.065249
1 0.322695 0.210328 0.040859 0.062149
