52 0.903078 0.121910 0.193844 0.239100
52 0.481967 0.131050 0.039730 0.075500
52 0.171066 0.175360 0.226637 0.164760
52 0.064865 0.069210 0.129730 0.108900
52 0.343048 0.066980 0.196486 0.132320
52 0.563063 0.058560 0.152192 0.114880
52 0.451276 0.157710 0.072703 0.055820
52 0.355976 0.160300 0.212553 0.146080
52 0.524114 0.137500 0.096276 0.106400
52 0.059129 0.177480 0.118258 0.152600
52 0.682913 0.056770 0.130511 0.110100
52 0.440871 0.065030 0.071952 0.075020
52 0.135345 0.048730 0.155315 0.097460
