38 0.104930 0.204887 0.032141 0.040799
38 0.275344 0.137275 0.026281 0.035984
38 0.620453 0.168186 0.032156 0.044529
38 0.065062 0.262674 0.020688 0.055348
1 0.427516 0.355543 0.014188 0.024283
38 0.820570 0.266137 0.034828 0.077398
38 0.847070 0.686414 0.017859 0.054631
38 0.610039 0.765348 0.021203 0.055902
38 0.832469 0.173033 0.037094 0.072295
38 0.643680 0.194816 0.005516 0.012664
38 0.310516 0.721281 0.007500 0.018873
1 0.649711 0.372100 0.012328 0.042930
38 0.243023 0.644457 0.015703 0.058258
38 0.646477 0.700973 0.027297 0.035799
1 0.414078 0.362879 0.012094 0.025266
38 0.259906 0.082510 0.028281 0.061332
