58 0.242156 0.417307 0.127500 0.100375
58 0.276219 0.466956 0.106250 0.079110
58 0.303617 0.479496 0.107359 0.078946
58 0.574758 0.489087 0.107422 0.073536
58 0.338008 0.517330 0.102328 0.081452
58 0.406797 0.549461 0.103531 0.087963
58 0.691289 0.524672 0.109234 0.091405
58 0.429758 0.556311 0.114203 0.087845
58 0.313266 0.505527 0.100625 0.086323
58 0.562000 0.609227 0.117219 0.103607
58 0.484086 0.588267 0.109266 0.090304
44 0.024102 0.335632 0.048203 0.253888
58 0.539156 0.585304 0.107781 0.100960
58 0.588937 0.639988 0.107094 0.091358
