1 0.316321 0.808906 0.026981 0.066844
1 0.924387 0.787203 0.033113 0.070344
1 0.174587 0.807117 0.038184 0.080328
1 0.129741 0.790258 0.011981 0.027016
1 0.022134 0.815250 0.030212 0.063438
1 0.759800 0.793359 0.032524 0.053687
1 0.619045 0.773125 0.024882 0.027281
1 0.714351 0.797883 0.031250 0.059516
1 0.197217 0.798336 0.024057 0.044297
1 0.144729 0.808852 0.028420 0.070297
1 0.115861 0.788078 0.027759 0.030469
38 0.782736 0.528742 0.029009 0.010547
38 0.582406 0.614445 0.099575 0.027953
38 0.812689 0.574688 0.193113 0.031594
38 0.709033 0.446742 0.061840 0.021516
38 0.572807 0.271766 0.854387 0.538812
38 0.795778 0.445258 0.042453 0.013453
38 0.885401 0.489250 0.021321 0.009750
38 0.693608 0.618969 0.032217 0.006750
38 0.835283 0.479195 0.023962 0.007859
38 0.725613 0.609461 0.028302 0.010672
38 0.513408 0.532922 0.035071 0.011406
38 0.299210 0.697375 0.097524 0.031062
38 0.436156 0.630375 0.082830 0.030844
1 0.592099 0.779789 0.020047 0.023766
1 0.231439 0.802055 0.034858 0.065422
