82 0.101086 0.496862 0.198828 0.953013
1 0.885016 0.573462 0.224938 0.835209
59 0.256562 0.885889 0.460344 0.228222
59 0.487711 0.575356 0.155609 0.083975
1 0.598750 0.577301 0.284031 0.845397
44 0.059969 0.803923 0.040375 0.065418
44 0.093617 0.795816 0.031578 0.064644
44 0.050781 0.767688 0.021688 0.024582
44 0.044969 0.751213 0.019219 0.023180
44 0.073461 0.757793 0.019641 0.049686
44 0.123219 0.782270 0.038156 0.080565
44 0.149234 0.782291 0.016813 0.059770
44 0.137906 0.747113 0.015438 0.034435
1 0.967687 0.415931 0.064625 0.232950
44 0.087258 0.759435 0.022141 0.024686
44 0.222352 0.518881 0.037422 0.155795
51 0.516797 0.498787 0.057906 0.058996
44 0.021555 0.792207 0.041172 0.109435
44 0.107789 0.117981 0.030578 0.154289
44 0.041367 0.117479 0.038953 0.153536
