28 0.765633 0.787639 0.086453 0.186512
28 0.552250 0.737191 0.149406 0.161914
28 0.275031 0.761620 0.112813 0.107315
28 0.346844 0.695309 0.120781 0.091049
28 0.428477 0.883750 0.109453 0.227438
28 0.161187 0.737901 0.154375 0.181605
28 0.956391 0.668210 0.087125 0.071481
28 0.461203 0.759352 0.055188 0.078333
28 0.661508 0.739213 0.104453 0.094846
1 0.273031 0.891157 0.084187 0.182006
1 0.896203 0.820941 0.068406 0.331080
1 0.588750 0.790818 0.043219 0.089167
1 0.839203 0.839321 0.073563 0.321358
1 0.373383 0.669660 0.016859 0.042099
1 0.946586 0.853333 0.059547 0.293333
1 0.454523 0.692716 0.035078 0.111420
1 0.750969 0.903086 0.067250 0.192901
28 0.733992 0.628488 0.139141 0.106543
28 0.085047 0.875617 0.076063 0.155494
28 0.409742 0.758380 0.059047 0.040895
31 0.232000 0.937253 0.028687 0.099815
31 0.640937 0.894954 0.025969 0.080463
31 0.447656 0.696096 0.015313 0.040340
1 0.359242 0.866914 0.099328 0.266173
1 0.983133 0.855957 0.033734 0.287284
1 0.673414 0.883935 0.071484 0.232130
1 0.535852 0.891944 0.065703 0.216111
1 0.141742 0.911019 0.041953 0.176790
28 0.873336 0.763765 0.047922 0.063642
