37 0.776055 0.569017 0.046578 0.058787
37 0.641664 0.556496 0.011672 0.013828
37 0.669695 0.530439 0.007516 0.010795
37 0.702570 0.519613 0.007672 0.009895
1 0.193891 0.558128 0.306844 0.883745
39 0.142141 0.266747 0.284281 0.506757
1 0.036187 0.422814 0.033063 0.116757
37 0.585883 0.528797 0.007859 0.010523
37 0.544789 0.520523 0.007234 0.010167
1 0.367969 0.430460 0.026875 0.056109
1 0.388437 0.438640 0.013969 0.058536
1 0.468289 0.430680 0.019547 0.070690
1 0.014469 0.459215 0.028937 0.068431
37 0.379148 0.524477 0.007641 0.008828
