6 0.020070 0.278344 0.040141 0.317604
1 0.429422 0.454271 0.192188 0.757375
1 0.546070 0.344938 0.161797 0.573042
1 0.730617 0.295510 0.123047 0.424729
3 0.071219 0.271885 0.039031 0.052771
10 0.135180 0.062750 0.020828 0.072417
10 0.110031 0.068115 0.026625 0.074313
31 0.473719 0.308594 0.044250 0.247146
31 0.783062 0.346500 0.031563 0.087667
1 0.118867 0.276135 0.027953 0.116771
3 0.098484 0.244813 0.025188 0.035417
3 0.066922 0.260698 0.038125 0.051396
3 0.040516 0.248865 0.011813 0.020562
77 0.382547 0.162875 0.010906 0.035042
1 0.280734 0.280177 0.029063 0.103313
27 0.513945 0.165437 0.040547 0.047667
31 0.270234 0.297000 0.011344 0.024458
31 0.503031 0.495719 0.042281 0.085437
88 0.854984 0.270635 0.033563 0.076146
