63 0.271992 0.242698 0.212453 0.143771
62 0.150906 0.866323 0.301812 0.258063
62 0.865883 0.916521 0.189922 0.143792
67 0.539117 0.669406 0.862953 0.637646
1 0.556867 0.297427 0.267172 0.399146
1 0.790273 0.404010 0.416109 0.503354
1 0.130625 0.551125 0.251125 0.692125
62 0.452508 0.387948 0.085453 0.081771
62 0.378844 0.352615 0.067375 0.068104
46 0.779539 0.651281 0.063234 0.182521
46 0.294320 0.469573 0.043891 0.116104
48 0.684977 0.749010 0.034609 0.115312
49 0.475695 0.812677 0.065422 0.149979
49 0.500812 0.450885 0.043562 0.009687
51 0.408938 0.489208 0.126875 0.097875
51 0.465047 0.546719 0.118438 0.088479
46 0.443234 0.408250 0.040531 0.068792
47 0.544492 0.705177 0.062984 0.171146
48 0.542391 0.470010 0.050938 0.022354
48 0.340641 0.729219 0.104031 0.060646
48 0.716781 0.566594 0.033281 0.042979
48 0.215789 0.473635 0.042547 0.071229
50 0.453250 0.550490 0.076250 0.075438
62 0.704156 0.414052 0.033094 0.065062
49 0.650797 0.583885 0.044938 0.035604
49 0.230102 0.545958 0.015891 0.045458
