85 0.115687 0.425703 0.126750 0.101500
1 0.833781 0.801328 0.106937 0.199531
1 0.322312 0.782367 0.046667 0.124078
1 0.666094 0.765914 0.061104 0.124578
1 0.397531 0.807320 0.109146 0.212828
33 0.410833 0.859938 0.068375 0.068875
33 0.577781 0.783430 0.060187 0.057047
77 0.844760 0.723414 0.016104 0.009672
1 0.587656 0.761562 0.052687 0.116813
1 0.442875 0.754945 0.059167 0.098016
1 0.491750 0.767141 0.041167 0.116031
1 0.203708 0.712695 0.024417 0.029047
1 0.541104 0.755984 0.036417 0.098906
1 0.629625 0.790781 0.043500 0.049094
1 0.710417 0.737281 0.026833 0.053250
