3 0.500000 0.647000 1.000000 0.706000
3 0.757188 0.320305 0.228750 0.075703
3 0.230563 0.298008 0.182292 0.041672
3 0.072000 0.314906 0.140125 0.049281
14 0.496260 0.638898 0.591938 0.681609
1 0.865094 0.290719 0.035021 0.085562
1 0.632833 0.283180 0.031833 0.039047
1 0.594854 0.282016 0.018625 0.035156
1 0.368792 0.279273 0.025708 0.027078
1 0.354583 0.286609 0.028542 0.020219
1 0.024833 0.289437 0.021375 0.029219
3 0.950260 0.333367 0.099479 0.073703
3 0.474729 0.278117 0.230833 0.063578
1 0.035677 0.287359 0.011062 0.018438
8 0.470531 0.282461 0.239438 0.055141
1 0.089104 0.283297 0.023625 0.016344
14 0.647583 0.294922 0.020875 0.032594
