28 0.616539 0.299073 0.195484 0.078021
28 0.237516 0.244583 0.127969 0.047208
28 0.147641 0.267635 0.163812 0.070312
77 0.735031 0.363802 0.010594 0.040521
77 0.870406 0.390000 0.010094 0.018708
31 0.196789 0.456823 0.063109 0.093271
31 0.309063 0.393521 0.066781 0.132958
31 0.687125 0.403469 0.049625 0.131062
31 0.029914 0.418458 0.059828 0.102583
31 0.636422 0.494729 0.051000 0.122083
31 0.443883 0.450365 0.028078 0.168437
31 0.531383 0.459708 0.031547 0.128125
1 0.936781 0.479792 0.126438 0.512542
1 0.876406 0.444948 0.094375 0.485396
1 0.595789 0.510115 0.116297 0.444937
1 0.724852 0.472042 0.121422 0.439458
1 0.488148 0.466729 0.081672 0.445417
1 0.162164 0.506760 0.141891 0.470729
1 0.102625 0.489656 0.059750 0.380562
1 0.772227 0.323250 0.081391 0.172875
1 0.820781 0.439885 0.074156 0.352812
1 0.279305 0.464115 0.141234 0.383521
1 0.018500 0.501552 0.037000 0.399479
1 0.401461 0.487906 0.106391 0.444396
77 0.949477 0.403583 0.023141 0.044750
31 0.534008 0.393240 0.025453 0.083479
31 0.799211 0.498479 0.025422 0.059333
