22 0.870126 0.695263 0.027286 0.033425
22 0.546122 0.699775 0.035997 0.027550
22 0.520268 0.693462 0.022345 0.036525
22 0.489171 0.695013 0.035595 0.041825
22 0.656080 0.679762 0.031625 0.029775
22 0.708618 0.687162 0.034255 0.027025
22 0.733735 0.690175 0.023484 0.025900
22 0.822521 0.687350 0.040586 0.042200
22 0.576307 0.695312 0.034020 0.032425
22 0.784858 0.690450 0.042848 0.034250
22 0.680377 0.683225 0.017873 0.017700
22 0.916943 0.690000 0.031575 0.032250
22 0.620704 0.687963 0.013702 0.018175
