6 0.817740 0.895422 0.364520 0.122781
1 0.593841 0.941703 0.044356 0.069031
1 0.536136 0.944164 0.029227 0.069078
1 0.560995 0.945375 0.026019 0.063219
1 0.611663 0.945055 0.015504 0.056484
85 0.258759 0.362289 0.086557 0.060953
85 0.389028 0.368695 0.036136 0.070578
1 0.454696 0.950414 0.035340 0.072953
1 0.416511 0.948102 0.036815 0.076391
1 0.059824 0.927070 0.013466 0.037641
3 0.214415 0.930305 0.126909 0.041766
3 0.449696 0.924547 0.137845 0.051094
1 0.340422 0.925336 0.018923 0.035734
1 0.505937 0.956156 0.031030 0.039875
3 0.700597 0.934484 0.137635 0.050375
3 0.765492 0.931242 0.090562 0.038328
