33 0.199633 0.604649 0.061641 0.188923
33 0.276750 0.632576 0.097844 0.128337
33 0.555000 0.649309 0.226125 0.124848
33 0.553148 0.423642 0.161203 0.089016
33 0.279703 0.870492 0.246813 0.067494
33 0.490875 0.839731 0.176937 0.126019
33 0.227516 0.800656 0.136531 0.075035
33 0.143656 0.594977 0.053969 0.195621
33 0.352336 0.793255 0.110953 0.076393
33 0.552258 0.496136 0.174078 0.074239
33 0.552484 0.561803 0.202406 0.103372
33 0.553852 0.363138 0.115609 0.061218
31 0.185711 0.472775 0.097047 0.083536
31 0.362656 0.620012 0.094781 0.157260
31 0.230797 0.798888 0.138688 0.081288
31 0.281031 0.525796 0.076000 0.127330
31 0.642922 0.886803 0.036406 0.147424
31 0.485969 0.778958 0.113250 0.056042
33 0.555422 0.246874 0.099562 0.093841
31 0.616211 0.880281 0.035953 0.168056
31 0.210258 0.439333 0.108828 0.136323
31 0.427930 0.636253 0.038984 0.118173
