3 0.538875 0.501906 0.064750 0.066938
3 0.586094 0.465365 0.082656 0.023729
62 0.951422 0.715333 0.094031 0.188833
1 0.195922 0.486302 0.027469 0.086104
1 0.040984 0.481719 0.022906 0.079063
15 0.208055 0.553187 0.152141 0.064958
1 0.020789 0.454990 0.019734 0.026313
3 0.514008 0.443802 0.064047 0.046354
3 0.413664 0.459760 0.041984 0.019354
62 0.280687 0.631375 0.054219 0.154875
62 0.870187 0.630396 0.048875 0.049042
62 0.964734 0.638427 0.051875 0.045104
3 0.276000 0.481125 0.012687 0.015208
3 0.130008 0.448208 0.059016 0.008125
