67 0.501490 0.631422 0.997021 0.625563
1 0.592583 0.379766 0.472583 0.308469
1 0.444937 0.245688 0.302625 0.271906
1 0.058719 0.236484 0.115854 0.214938
1 0.173813 0.922258 0.347625 0.155484
1 0.744573 0.832211 0.506354 0.307859
87 0.372344 0.413461 0.046812 0.022297
62 0.598417 0.305945 0.048167 0.054984
87 0.041885 0.867914 0.081813 0.036328
87 0.366104 0.361016 0.058333 0.007656
1 0.887969 0.481945 0.224062 0.236141
38 0.719490 0.661102 0.295979 0.104828
38 0.454135 0.480648 0.201938 0.082016
62 0.857052 0.421445 0.170604 0.101172
