37 0.088125 0.714828 0.028875 0.038922
37 0.585055 0.715092 0.029578 0.040872
43 0.658258 0.726353 0.086609 0.247752
1 0.811070 0.565539 0.283359 0.578142
1 0.320719 0.561789 0.286281 0.584266
1 0.233492 0.109989 0.023641 0.146078
1 0.285203 0.101674 0.028875 0.160183
1 0.310875 0.112099 0.032750 0.151950
1 0.930969 0.113211 0.031031 0.143394
1 0.398672 0.109862 0.024438 0.152477
1 0.427102 0.100057 0.035016 0.164381
1 0.456656 0.115642 0.027531 0.133578
1 0.882617 0.107294 0.020297 0.140092
27 0.722508 0.165493 0.022672 0.022271
62 0.651039 0.146227 0.038141 0.083280
62 0.175406 0.144381 0.044062 0.079220
1 0.710133 0.111950 0.028328 0.144404
1 0.955922 0.106376 0.029812 0.153211
1 0.650062 0.073291 0.042531 0.070528
15 0.595812 0.148830 0.020781 0.003578
43 0.171078 0.716995 0.022562 0.073211
27 0.572656 0.181101 0.024656 0.023624
27 0.602547 0.176972 0.020219 0.025780
