27 0.461031 0.277094 0.149031 0.294354
27 0.599516 0.177510 0.152531 0.284979
27 0.525000 0.104500 0.092688 0.195500
27 0.337172 0.335990 0.229781 0.408521
27 0.223742 0.195969 0.167484 0.235521
33 0.514047 0.646813 0.417969 0.674167
33 0.243000 0.772646 0.401906 0.430500
27 0.161070 0.268250 0.083578 0.338792
27 0.157938 0.234229 0.116562 0.367125
27 0.349273 0.104604 0.106422 0.112708
27 0.482961 0.085208 0.062328 0.134833
31 0.672500 0.629240 0.138219 0.200271
31 0.547641 0.716375 0.183500 0.151417
