1 0.660578 0.718244 0.089375 0.272084
1 0.172258 0.600714 0.019203 0.031639
1 0.587961 0.627775 0.022234 0.080984
1 0.359461 0.622857 0.022359 0.075176
1 0.642852 0.612670 0.014828 0.057658
1 0.322570 0.581159 0.011328 0.049906
41 0.648750 0.834672 0.078500 0.054309
41 0.502695 0.682272 0.020828 0.008384
8 0.282656 0.600984 0.140375 0.098876
8 0.101234 0.607201 0.178406 0.110468
1 0.272102 0.623700 0.017641 0.078735
1 0.102641 0.626265 0.011281 0.035152
1 0.091656 0.628396 0.019813 0.085176
1 0.154008 0.633384 0.014516 0.064801
1 0.198672 0.615445 0.014438 0.063817
3 0.580414 0.601909 0.115766 0.050890
3 0.740773 0.619953 0.144641 0.104356
1 0.206344 0.627155 0.018594 0.077260
3 0.402313 0.592623 0.035187 0.014660
1 0.347352 0.595059 0.008859 0.019719
