3 0.478750 0.533273 0.077250 0.054453
1 0.708313 0.644156 0.571042 0.711688
32 0.574302 0.722039 0.126854 0.401016
10 0.846073 0.378867 0.022604 0.037484
1 0.370615 0.527953 0.018354 0.031469
1 0.177073 0.536008 0.035396 0.051422
1 0.115833 0.538445 0.029875 0.061203
3 0.805406 0.490664 0.040562 0.018328
10 0.923562 0.392609 0.021375 0.033844
10 0.385865 0.408492 0.019021 0.031859
1 0.446719 0.510359 0.015021 0.027750
1 0.908708 0.496016 0.018333 0.023000
10 0.089396 0.402180 0.023208 0.034797
10 0.038958 0.379086 0.026333 0.049609
10 0.095990 0.431219 0.019479 0.015750
