39 0.780710 0.437479 0.066180 0.027300
1 0.147650 0.526956 0.135420 0.469669
1 0.668900 0.510055 0.150080 0.240441
1 0.478640 0.556777 0.162360 0.154876
1 0.308730 0.106460 0.069300 0.069504
1 0.359820 0.139725 0.047840 0.112617
1 0.332940 0.086088 0.035640 0.080882
1 0.460970 0.122906 0.044380 0.086584
1 0.525030 0.186171 0.045100 0.072893
1 0.408250 0.509945 0.118100 0.245455
1 0.897430 0.552052 0.057580 0.090826
1 0.813700 0.575083 0.055760 0.057438
40 0.546750 0.558292 0.025620 0.049477
1 0.705100 0.152961 0.037440 0.106309
1 0.723150 0.184242 0.050380 0.088375
