1 0.551961 0.742698 0.190453 0.492146
1 0.685258 0.728646 0.166484 0.542708
1 0.796859 0.692813 0.102469 0.505167
1 0.230414 0.761958 0.164453 0.439167
1 0.117172 0.644531 0.082312 0.233979
1 0.624687 0.530917 0.031531 0.075042
1 0.639242 0.528615 0.017047 0.071021
27 0.182773 0.666260 0.038516 0.105188
1 0.363820 0.757812 0.130109 0.478875
35 0.125000 0.760427 0.094969 0.031646
35 0.768859 0.927604 0.074563 0.078250
1 0.063359 0.734615 0.028781 0.057562
1 0.032398 0.716510 0.039922 0.108479
27 0.024188 0.703740 0.022344 0.044687
35 0.191211 0.959865 0.275734 0.036813
35 0.617594 0.564510 0.018031 0.009229
35 0.630719 0.559927 0.010219 0.010896
