9 0.705672 0.879776 0.390062 0.137099
1 0.618023 0.850873 0.011984 0.027264
9 0.584977 0.645000 0.830047 0.334434
1 0.845922 0.812300 0.010281 0.044410
1 0.877297 0.816415 0.011469 0.041934
1 0.753812 0.805731 0.013781 0.017830
1 0.833297 0.810731 0.008125 0.026462
1 0.817086 0.801014 0.010109 0.036934
1 0.774234 0.802771 0.014563 0.017712
1 0.864188 0.815307 0.012156 0.040094
1 0.808578 0.810743 0.009687 0.040212
1 0.794602 0.827983 0.007828 0.015024
1 0.628328 0.847193 0.009406 0.024528
1 0.766570 0.804670 0.010141 0.011651
