28 0.641969 0.376626 0.050343 0.021258
28 0.607900 0.375972 0.041487 0.026683
28 0.458382 0.364788 0.079183 0.057418
28 0.233333 0.387418 0.069085 0.093431
28 0.165997 0.392516 0.092418 0.101405
32 0.365172 0.660294 0.159559 0.561797
8 0.804306 0.402590 0.150703 0.139069
8 0.929518 0.412304 0.079493 0.052516
1 0.378652 0.553938 0.617990 0.856176
28 0.077990 0.367900 0.062353 0.023873
28 0.936936 0.378538 0.063382 0.028219
28 0.720139 0.378497 0.046618 0.022190
28 0.444118 0.382092 0.045719 0.014346
28 0.694926 0.377917 0.035376 0.027141
28 0.126585 0.369869 0.050229 0.020098
