72 0.656836 0.675708 0.133547 0.124208
72 0.796516 0.364771 0.147063 0.139917
62 0.179031 0.781365 0.358063 0.415063
62 0.339203 0.757937 0.263656 0.368375
62 0.454180 0.652823 0.104859 0.219021
62 0.643805 0.580677 0.152766 0.085604
6 0.500844 0.499812 0.998312 0.980125
1 0.354883 0.654271 0.123891 0.213375
1 0.262734 0.520531 0.042250 0.045562
1 0.605836 0.523063 0.022797 0.028458
1 0.811828 0.535781 0.050531 0.052104
1 0.484664 0.580823 0.088859 0.161771
62 0.514352 0.585948 0.048453 0.089479
72 0.587414 0.483021 0.035953 0.032792
1 0.338734 0.533490 0.070438 0.055688
1 0.638227 0.519917 0.062516 0.038333
62 0.925391 0.850625 0.149219 0.168750
1 0.086773 0.504854 0.039172 0.048000
