3 0.201359 0.570312 0.105563 0.052542
3 0.831219 0.409229 0.051562 0.048167
3 0.723266 0.452115 0.066469 0.058813
3 0.528555 0.539708 0.082766 0.055417
3 0.452922 0.476521 0.095188 0.049458
3 0.487734 0.466521 0.090438 0.043958
3 0.243625 0.453781 0.084344 0.048521
3 0.593680 0.500896 0.083703 0.072292
10 0.090406 0.813688 0.045125 0.102000
10 0.783992 0.457115 0.015828 0.041688
1 0.360242 0.541708 0.025234 0.058750
3 0.663781 0.477437 0.068937 0.067083
11 0.417430 0.563042 0.010703 0.030000
1 0.389805 0.528594 0.014359 0.065521
3 0.900250 0.387208 0.046625 0.034458
3 0.961812 0.366250 0.039250 0.028792
3 0.987406 0.356583 0.025188 0.024042
1 0.374891 0.538750 0.023750 0.060417
