4 0.142789 0.530125 0.101172 0.221028
4 0.393164 0.522097 0.065078 0.170750
1 0.254883 0.413194 0.023328 0.132889
1 0.141633 0.453125 0.101234 0.292472
1 0.686758 0.428444 0.018516 0.099389
1 0.650609 0.422333 0.017969 0.105944
1 0.795695 0.416556 0.022297 0.110667
1 0.381828 0.445458 0.054375 0.228472
1 0.845289 0.422778 0.022859 0.109056
1 0.272656 0.415611 0.018063 0.117556
1 0.289398 0.419625 0.018516 0.111639
1 0.416539 0.422069 0.022891 0.109194
1 0.604281 0.416861 0.025625 0.122556
6 0.587797 0.381653 0.103313 0.146083
1 0.632078 0.405917 0.023656 0.101056
1 0.745078 0.417514 0.019844 0.094972
