39 0.469039 0.510722 0.021734 0.117195
1 0.344742 0.721062 0.099328 0.197819
1 0.281852 0.692819 0.075078 0.226601
1 0.267406 0.622380 0.038094 0.102606
1 0.513578 0.661926 0.130750 0.289122
1 0.651336 0.580524 0.053297 0.253909
1 0.339102 0.450963 0.043891 0.078980
1 0.807914 0.572110 0.061516 0.248810
1 0.945984 0.572082 0.055906 0.231983
1 0.707117 0.606048 0.055766 0.188754
1 0.641031 0.345028 0.036531 0.029773
40 0.384852 0.738300 0.019172 0.040170
1 0.895828 0.578215 0.047969 0.227762
1 0.433844 0.230907 0.038437 0.086006
1 0.545703 0.520822 0.065375 0.148839
