72 0.182859 0.594385 0.251125 0.343813
62 0.317742 0.440854 0.170953 0.245167
63 0.689797 0.425156 0.462656 0.219979
1 0.748266 0.508417 0.157125 0.692625
1 0.665734 0.479771 0.104500 0.501125
75 0.720992 0.535094 0.017422 0.036521
75 0.640039 0.402656 0.019453 0.038604
84 0.132898 0.738656 0.067578 0.043896
84 0.137297 0.831354 0.108563 0.049625
84 0.198719 0.765937 0.082906 0.064833
84 0.143492 0.768729 0.051953 0.033583
84 0.179164 0.788146 0.051016 0.023458
84 0.203078 0.851750 0.060219 0.010958
84 0.123445 0.861042 0.091516 0.032375
86 0.375859 0.341281 0.022687 0.044479
62 0.866891 0.636823 0.100250 0.313604
62 0.844352 0.886823 0.093422 0.226021
31 0.464820 0.449844 0.045984 0.128521
64 0.374688 0.317312 0.077031 0.099958
47 0.540859 0.483219 0.016906 0.038896
