44 0.801410 0.768440 0.056580 0.079920
51 0.519100 0.537520 0.283160 0.186520
57 0.704080 0.575040 0.091080 0.055120
57 0.714120 0.188240 0.110600 0.103520
57 0.872450 0.230110 0.050620 0.153500
57 0.704710 0.061960 0.181180 0.054120
57 0.294150 0.759520 0.039380 0.045120
57 0.265440 0.256340 0.114440 0.092120
57 0.757440 0.178890 0.037760 0.084660
57 0.757010 0.516920 0.034100 0.079040
57 0.182330 0.228890 0.072660 0.065220
81 0.194800 0.475330 0.329120 0.262420
50 0.627740 0.862310 0.164880 0.026740
51 0.691010 0.849430 0.289900 0.206740
57 0.268770 0.827810 0.051940 0.049820
67 0.818280 0.478780 0.312320 0.301520
85 0.756190 0.355560 0.112220 0.054640
44 0.826190 0.841110 0.037500 0.051260
79 0.515590 0.496110 0.298700 0.384420
79 0.743900 0.888660 0.402280 0.134320
79 0.254670 0.807670 0.402780 0.304140
47 0.868480 0.791770 0.050560 0.099380
51 0.873760 0.486380 0.202480 0.227920
51 0.232460 0.810390 0.397400 0.301300
57 0.257790 0.173840 0.046660 0.081680
81 0.574850 0.148060 0.080540 0.257040
85 0.532610 0.352530 0.127380 0.047980
57 0.709230 0.482100 0.093980 0.149920
