18 0.328398 0.686360 0.069297 0.067709
9 0.487781 0.476820 0.232500 0.197109
9 0.252508 0.495974 0.251484 0.146809
1 0.424773 0.745921 0.260516 0.260193
1 0.403914 0.722719 0.183234 0.210278
1 0.388516 0.648287 0.065969 0.131777
1 0.314250 0.620835 0.029875 0.098715
1 0.150938 0.685964 0.054688 0.092827
1 0.193586 0.681338 0.035391 0.077623
1 0.095242 0.696831 0.054359 0.085054
1 0.767227 0.659507 0.069453 0.108779
1 0.052664 0.642677 0.031047 0.094775
1 0.837648 0.659914 0.064203 0.070493
1 0.906117 0.653116 0.032828 0.076467
28 0.837234 0.646017 0.114656 0.096274
28 0.661008 0.620739 0.033859 0.017409
15 0.872891 0.796478 0.115031 0.196296
9 0.826391 0.580931 0.062156 0.018051
16 0.497695 0.189143 0.012203 0.014518
16 0.407773 0.155717 0.018359 0.048779
1 0.671453 0.752559 0.087375 0.177537
1 0.104391 0.628833 0.017000 0.054069
16 0.719844 0.233180 0.007500 0.007944
16 0.764938 0.405685 0.016531 0.015782
16 0.766445 0.296456 0.002359 0.004561
16 0.713031 0.067334 0.006313 0.004004
16 0.854125 0.271563 0.004938 0.006767
16 0.580594 0.281542 0.004281 0.005867
