39 0.368660 0.599893 0.019600 0.077867
40 0.790350 0.477333 0.015180 0.033707
40 0.638390 0.398867 0.009660 0.016720
40 0.065080 0.442440 0.019280 0.024560
1 0.383780 0.719027 0.059960 0.218107
1 0.057830 0.459053 0.059140 0.134480
1 0.637390 0.412693 0.028940 0.109387
1 0.806340 0.539173 0.045960 0.168960
1 0.896810 0.449987 0.035740 0.121040
1 0.258540 0.750933 0.100800 0.221173
1 0.621090 0.928040 0.089220 0.142640
1 0.589180 0.199920 0.017240 0.048800
1 0.496350 0.922480 0.116300 0.132587
1 0.412360 0.190493 0.014400 0.057573
1 0.040480 0.298680 0.024320 0.078587
1 0.431040 0.190160 0.015320 0.060907
