3 0.526170 0.947716 0.058700 0.104567
3 0.678880 0.940358 0.095760 0.110030
3 0.417520 0.939627 0.044520 0.120746
3 0.513360 0.926896 0.081400 0.146209
3 0.463590 0.926940 0.034300 0.112209
3 0.499660 0.816448 0.033880 0.036119
6 0.964230 0.867433 0.071540 0.166866
6 0.435480 0.828806 0.037240 0.059522
1 0.902070 0.879701 0.018820 0.073015
10 0.950670 0.483119 0.078460 0.184687
10 0.673690 0.450149 0.026700 0.121910
3 0.485190 0.800448 0.028300 0.028955
10 0.432400 0.666090 0.008600 0.030687
10 0.751180 0.764239 0.014160 0.037194
3 0.440930 0.902910 0.039140 0.069164
3 0.422910 0.855194 0.023580 0.018627
3 0.458850 0.853552 0.037260 0.020657
3 0.444280 0.927567 0.021360 0.077761
3 0.533380 0.830761 0.025760 0.024925
8 0.657580 0.861015 0.055880 0.076179
10 0.415390 0.671358 0.018380 0.055970
10 0.515990 0.743448 0.005420 0.011612
1 0.184120 0.980955 0.030680 0.037672
