44 0.748583 0.470258 0.087611 0.193453
44 0.882061 0.382047 0.044215 0.108844
44 0.935925 0.396648 0.053864 0.060172
44 0.873208 0.307211 0.062951 0.109484
67 0.659625 0.605641 0.680749 0.721969
1 0.343407 0.599891 0.686815 0.654625
1 0.313244 0.391008 0.464801 0.489891
1 0.500164 0.357305 0.306511 0.395516
1 0.707166 0.173672 0.090820 0.149875
46 0.630492 0.619516 0.108993 0.138937
46 0.824754 0.678359 0.106230 0.137187
46 0.911206 0.638258 0.098806 0.086109
49 0.659590 0.747102 0.289859 0.017453
1 0.398255 0.031055 0.042459 0.026391
46 0.603314 0.354281 0.060632 0.077531
62 0.870644 0.222094 0.139555 0.064406
1 0.546511 0.225227 0.138923 0.210047
3 0.075867 0.060000 0.151733 0.090156
3 0.443419 0.062531 0.199719 0.067000
3 0.799204 0.053555 0.153583 0.044297
46 0.819485 0.485711 0.058407 0.083109
46 0.923396 0.454313 0.068197 0.062656
46 0.962330 0.439562 0.068033 0.081844
46 0.875059 0.477727 0.051522 0.089766
46 0.749239 0.212914 0.036792 0.022234
46 0.798770 0.161000 0.051733 0.027781
46 0.982319 0.581898 0.034379 0.096547
46 0.945211 0.585844 0.060211 0.078125
46 0.930644 0.248758 0.035386 0.045141
62 0.348700 0.229156 0.083208 0.152219
1 0.634672 0.198781 0.122693 0.172656
31 0.130492 0.895016 0.260984 0.145781
