47 0.710078 0.131615 0.090594 0.195312
49 0.844492 0.649979 0.308016 0.259458
49 0.349352 0.272312 0.102047 0.155208
59 0.740734 0.433708 0.503937 0.440458
59 0.213008 0.301187 0.172859 0.110833
59 0.130617 0.208302 0.261234 0.112354
59 0.860391 0.151688 0.133156 0.056167
1 0.699945 0.036677 0.140172 0.070938
48 0.821133 0.174437 0.073172 0.052292
49 0.629969 0.032427 0.013906 0.064854
49 0.842344 0.233458 0.055313 0.013458
67 0.701797 0.593313 0.596406 0.473083
67 0.145789 0.524865 0.291578 0.779771
67 0.682023 0.242698 0.635953 0.193271
1 0.837297 0.065135 0.146156 0.130271
47 0.563953 0.087281 0.063625 0.132646
47 0.736305 0.112510 0.080141 0.201271
59 0.910984 0.053594 0.177844 0.064562
62 0.392805 0.115427 0.085641 0.107396
1 0.521102 0.081823 0.216234 0.158437
