37 0.376344 0.579313 0.007562 0.008583
1 0.584102 0.623812 0.072047 0.145167
1 0.766695 0.689260 0.048703 0.125271
39 0.611617 0.565948 0.022672 0.044562
1 0.521352 0.086937 0.008203 0.027250
1 0.603695 0.112865 0.018016 0.030646
1 0.365820 0.170042 0.023391 0.103917
1 0.832375 0.089687 0.026937 0.033625
1 0.861539 0.127375 0.019891 0.035000
1 0.672109 0.684823 0.063562 0.098104
1 0.342859 0.054615 0.017906 0.056187
1 0.972594 0.268656 0.036031 0.101562
40 0.637344 0.658271 0.019594 0.024333
1 0.934203 0.096229 0.006813 0.023125
1 0.136734 0.095812 0.029906 0.080875
1 0.954984 0.047948 0.025812 0.043937
