2 0.650980 0.705163 0.060359 0.037124
3 0.674837 0.630000 0.164085 0.075229
3 0.291838 0.373423 0.047173 0.029167
3 0.451340 0.392721 0.065686 0.031520
3 0.177075 0.348023 0.035817 0.023660
3 0.449673 0.349093 0.041405 0.019886
3 0.638562 0.417092 0.088007 0.031176
6 0.252377 0.535711 0.280212 0.191258
6 0.809869 0.408194 0.185294 0.087010
1 0.446667 0.844330 0.030163 0.090000
1 0.480065 0.814248 0.024477 0.088856
2 0.595727 0.583170 0.052271 0.034608
1 0.606299 0.552892 0.017173 0.033791
1 0.583007 0.353922 0.009085 0.020196
1 0.460564 0.725033 0.021552 0.069739
1 0.491985 0.730784 0.043121 0.080948
10 0.359853 0.750163 0.027320 0.059935
10 0.215931 0.715368 0.037647 0.073023
10 0.533913 0.669208 0.033088 0.047565
10 0.261920 0.618873 0.025147 0.060654
1 0.443521 0.778848 0.024428 0.064722
1 0.439788 0.712770 0.023856 0.077696
1 0.351789 0.855286 0.029820 0.106552
1 0.654600 0.687345 0.037010 0.068219
1 0.496912 0.577386 0.018824 0.053922
3 0.484861 0.387802 0.058709 0.032631
3 0.217337 0.362288 0.050915 0.028431
3 0.069910 0.370735 0.045310 0.021993
8 0.153342 0.411887 0.049363 0.060343
27 0.338399 0.852639 0.023137 0.031356
64 0.879363 0.549077 0.043431 0.035866
2 0.629845 0.578489 0.044853 0.033480
3 0.316324 0.369649 0.038497 0.029788
3 0.374191 0.383423 0.062500 0.031389
27 0.638897 0.553725 0.013186 0.013693
27 0.668407 0.668717 0.029134 0.022892
27 0.494632 0.420106 0.004722 0.006781
64 0.928162 0.553864 0.038154 0.038154
1 0.942574 0.904837 0.023480 0.046373
1 0.519240 0.579224 0.021846 0.048775
3 0.951953 0.444158 0.023382 0.051944
10 0.246152 0.357410 0.008219 0.015441
10 0.218023 0.347525 0.005098 0.013317
10 0.078007 0.352328 0.008562 0.014134
10 0.100752 0.365278 0.009314 0.017092
10 0.263448 0.342582 0.011373 0.016209
10 0.506569 0.683342 0.016961 0.037304
10 0.352647 0.364714 0.010654 0.016716
10 0.335776 0.353260 0.011683 0.009363
10 0.421234 0.361234 0.007794 0.014820
