62 0.692742 0.554844 0.053234 0.068812
1 0.470664 0.576000 0.110766 0.177667
1 0.625188 0.508479 0.118000 0.226417
1 0.906742 0.458427 0.165172 0.413479
1 0.092016 0.559729 0.163812 0.219875
77 0.793016 0.678469 0.027906 0.021146
46 0.077172 0.665510 0.028250 0.063771
73 0.176359 0.625490 0.145281 0.123771
73 0.724117 0.627646 0.124641 0.106542
73 0.543688 0.605240 0.091938 0.083646
54 0.600164 0.653750 0.054828 0.041167
62 0.810898 0.574177 0.088234 0.114646
62 0.737586 0.367667 0.038766 0.018542
62 0.660648 0.453677 0.030984 0.093229
62 0.011164 0.620823 0.022328 0.139063
72 0.303078 0.568104 0.065219 0.137500
62 0.142367 0.552031 0.035078 0.104604
64 0.719797 0.342833 0.037062 0.066250
