82 0.059422 0.401788 0.118844 0.727059
62 0.252859 0.284553 0.143750 0.128729
62 0.940406 0.319224 0.009906 0.032000
62 0.162250 0.501612 0.122281 0.254094
62 0.664453 0.268588 0.014750 0.029412
67 0.419531 0.466212 0.288656 0.407671
59 0.521031 0.847635 0.090719 0.088682
59 0.588969 0.739800 0.049219 0.045953
59 0.718352 0.454071 0.047516 0.040188
59 0.697063 0.532988 0.048625 0.028612
1 0.209938 0.367918 0.235000 0.489059
1 0.464414 0.213118 0.111953 0.164965
1 0.599727 0.341012 0.129203 0.395435
1 0.705586 0.329000 0.163297 0.352447
1 0.647648 0.721341 0.686453 0.534824
1 0.902695 0.227494 0.069391 0.147271
1 0.805211 0.338753 0.255078 0.331529
1 0.736477 0.546824 0.404609 0.504565
3 0.835781 0.160788 0.089531 0.040024
59 0.731086 0.272059 0.042484 0.013012
59 0.350273 0.334035 0.050859 0.015318
62 0.958445 0.735294 0.083109 0.529412
