62 0.067859 0.121969 0.104781 0.110665
62 0.136063 0.147104 0.043000 0.151007
62 0.399695 0.149128 0.048203 0.077680
62 0.398500 0.293013 0.106781 0.119802
62 0.734016 0.417536 0.322406 0.277266
67 0.748430 0.758453 0.477203 0.448345
67 0.254672 0.774820 0.476469 0.416079
1 0.250352 0.337275 0.474547 0.645162
54 0.313984 0.720315 0.268437 0.287212
48 0.376234 0.507563 0.223750 0.228579
48 0.218438 0.951592 0.095750 0.053255
48 0.828609 0.497914 0.132562 0.162770
49 0.172195 0.642752 0.312203 0.044101
50 0.078305 0.856601 0.106547 0.183201
47 0.447148 0.699739 0.080547 0.172212
49 0.541141 0.628714 0.062625 0.084622
1 0.776141 0.317041 0.407000 0.580629
47 0.799070 0.534406 0.097703 0.082842
50 0.541805 0.642347 0.062609 0.112752
51 0.435594 0.628606 0.104719 0.101924
51 0.888508 0.597689 0.110109 0.110701
62 0.397062 0.106295 0.023906 0.025755
62 0.421266 0.119362 0.021531 0.039730
67 0.040344 0.152986 0.041156 0.109676
67 0.453367 0.150369 0.072828 0.020054
67 0.417500 0.274038 0.135688 0.207140
