2 0.673708 0.733367 0.512958 0.303516
2 0.164521 0.730328 0.186000 0.283250
28 0.509323 0.438727 0.162354 0.042141
28 0.779594 0.500898 0.172146 0.093891
1 0.351406 0.606242 0.188229 0.303141
1 0.545063 0.609383 0.192000 0.299734
2 0.178510 0.607789 0.084729 0.110453
1 0.491802 0.550070 0.072563 0.188766
1 0.642052 0.574625 0.098188 0.239844
1 0.739240 0.631180 0.108479 0.266453
1 0.930260 0.642500 0.139479 0.410031
1 0.276000 0.521289 0.056833 0.130047
1 0.159000 0.483672 0.043708 0.046406
1 0.138115 0.494289 0.025104 0.054328
1 0.221333 0.499766 0.036667 0.071781
1 0.201094 0.495211 0.016563 0.053141
28 0.141948 0.466727 0.026021 0.009266
28 0.906927 0.427273 0.186146 0.070141
28 0.202708 0.466086 0.027125 0.010172
31 0.517896 0.569047 0.105417 0.115344
1 0.183729 0.491687 0.031833 0.059906
31 0.882594 0.612367 0.047188 0.046422
