1 0.775617 0.541575 0.446953 0.894399
79 0.506117 0.488389 0.205953 0.469663
79 0.660227 0.429219 0.140234 0.449447
79 0.475445 0.832584 0.156297 0.271899
79 0.635266 0.794784 0.163062 0.356106
79 0.265844 0.899615 0.248312 0.182019
79 0.967641 0.312632 0.064719 0.131707
78 0.641656 0.432993 0.140500 0.368005
78 0.237211 0.536358 0.298828 0.574014
78 0.622984 0.810397 0.135063 0.353245
79 0.904602 0.267668 0.053266 0.033702
78 0.483523 0.493450 0.188047 0.481178
79 0.244750 0.542800 0.287281 0.577764
