3 0.510953 0.979337 0.081531 0.041325
3 0.451961 0.888163 0.064047 0.064036
3 0.432805 0.869428 0.060078 0.051084
3 0.406938 0.824142 0.068156 0.070331
3 0.396031 0.784503 0.064875 0.058343
3 0.383164 0.766205 0.046766 0.036687
3 0.363367 0.739096 0.039766 0.043434
3 0.346812 0.696958 0.035969 0.031205
3 0.379906 0.752952 0.058125 0.056024
3 0.491195 0.971401 0.060922 0.055994
3 0.475766 0.949759 0.061344 0.063494
3 0.289984 0.585151 0.031000 0.027169
7 0.886508 0.595015 0.139734 0.088283
3 0.306586 0.623855 0.040172 0.023554
