18 0.299875 0.539172 0.144562 0.155938
21 0.764875 0.755062 0.334937 0.351187
1 0.588836 0.491680 0.267141 0.309953
21 0.322641 0.768359 0.430531 0.396813
21 0.859781 0.566406 0.258344 0.292094
16 0.192133 0.141188 0.013516 0.014281
16 0.206000 0.120250 0.015500 0.020938
16 0.307023 0.059820 0.013078 0.018734
16 0.256703 0.061367 0.014813 0.015047
16 0.269406 0.022297 0.012562 0.017406
16 0.259047 0.130430 0.007031 0.013641
16 0.273344 0.098359 0.034844 0.030250
16 0.229172 0.115000 0.021813 0.027250
