19 0.444789 0.434415 0.820703 0.688173
1 0.847336 0.417623 0.198891 0.673419
1 0.726406 0.568068 0.096812 0.182553
1 0.065758 0.346721 0.068922 0.325246
1 0.604297 0.445796 0.066219 0.525550
1 0.949805 0.441581 0.076453 0.465176
1 0.193820 0.550948 0.074141 0.223958
31 0.925070 0.393255 0.095953 0.233724
1 0.852594 0.614637 0.101656 0.202670
27 0.096555 0.334192 0.032391 0.109040
31 0.188773 0.436862 0.076828 0.168852
1 0.358453 0.592014 0.083687 0.234941
1 0.970492 0.456838 0.059016 0.526698
1 0.849055 0.396792 0.157547 0.528384
1 0.375633 0.560246 0.101828 0.184286
1 0.965695 0.260515 0.033266 0.070726
1 0.746484 0.273653 0.029750 0.047494
