28 0.739297 0.443255 0.129531 0.085761
28 0.562883 0.369977 0.136516 0.059625
28 0.389633 0.425937 0.111328 0.087892
28 0.183680 0.437002 0.112609 0.088478
3 0.649078 0.640878 0.073281 0.127939
3 0.066070 0.567951 0.130516 0.167799
3 0.280258 0.516241 0.109203 0.112998
3 0.894523 0.486347 0.160484 0.076440
3 0.446672 0.509555 0.037562 0.058454
1 0.575742 0.586194 0.086922 0.413560
1 0.410820 0.592073 0.066578 0.315948
1 0.213109 0.604063 0.058188 0.309204
1 0.155875 0.594778 0.067750 0.306417
31 0.426352 0.562763 0.037766 0.083653
31 0.232570 0.549578 0.046422 0.127635
31 0.703172 0.557728 0.046094 0.066136
3 0.855656 0.718197 0.205063 0.104824
3 0.256047 0.461651 0.077344 0.052389
3 0.442922 0.479977 0.033313 0.025199
3 0.137750 0.471464 0.100719 0.043302
1 0.727539 0.622588 0.075984 0.346253
3 0.078570 0.482635 0.096047 0.032061
3 0.314523 0.487061 0.047422 0.079461
1 0.368453 0.584415 0.064406 0.338806
3 0.027625 0.480082 0.055250 0.070656
