28 0.180336 0.176402 0.360672 0.343832
1 0.258789 0.386484 0.072234 0.156612
1 0.692641 0.422675 0.015844 0.026005
1 0.845164 0.414965 0.035203 0.058014
1 0.976336 0.449790 0.046891 0.191636
1 0.199633 0.415666 0.028984 0.067921
1 0.329094 0.425491 0.027687 0.072897
28 0.400312 0.318633 0.164156 0.085584
1 0.806281 0.414544 0.034000 0.056472
1 0.652711 0.412044 0.032234 0.056332
1 0.465359 0.402255 0.011938 0.017874
1 0.492438 0.395526 0.016719 0.025257
28 0.615953 0.332009 0.211906 0.256542
28 0.755156 0.313213 0.182219 0.080537
28 0.967914 0.290643 0.064172 0.078575
28 0.421227 0.236367 0.234484 0.301285
28 0.806719 0.335923 0.164938 0.090350
28 0.233383 0.305993 0.181078 0.093762
28 0.108563 0.329871 0.210188 0.109089
28 0.006484 0.353189 0.012969 0.047079
28 0.986648 0.359229 0.026703 0.037944
28 0.544461 0.323879 0.121641 0.060421
1 0.442586 0.418995 0.022203 0.053131
1 0.214633 0.403914 0.025672 0.055117
28 0.463141 0.304241 0.074813 0.047734
67 0.603305 0.684404 0.297953 0.405771
1 0.679430 0.415479 0.024766 0.055397
