28 0.400281 0.323031 0.692688 0.644937
28 0.708711 0.214240 0.490453 0.420229
28 0.588148 0.266437 0.077422 0.233708
1 0.612453 0.459719 0.116469 0.196979
1 0.355898 0.398583 0.135328 0.280333
48 0.360250 0.808875 0.030375 0.044625
49 0.342398 0.630427 0.033703 0.007021
67 0.565445 0.755062 0.861234 0.467417
67 0.739219 0.513760 0.139375 0.087063
67 0.594406 0.459271 0.208531 0.029458
77 0.270461 0.548573 0.044953 0.037604
1 0.035766 0.611823 0.071531 0.206604
1 0.885680 0.473844 0.199484 0.342187
1 0.838555 0.796677 0.322453 0.335396
1 0.930328 0.521490 0.139344 0.230271
47 0.827828 0.852687 0.108406 0.288583
47 0.200648 0.658958 0.093516 0.238958
47 0.072883 0.805510 0.130328 0.388979
47 0.364070 0.550927 0.055078 0.140687
47 0.427430 0.538562 0.032922 0.093750
47 0.597836 0.502240 0.031672 0.064021
47 0.911727 0.427115 0.074953 0.163354
47 0.544664 0.514167 0.028453 0.069208
49 0.342031 0.828250 0.022719 0.029208
1 0.146398 0.429740 0.287891 0.399271
47 0.617578 0.796104 0.126937 0.338167
