50 0.948883 0.546516 0.102234 0.067770
51 0.857945 0.121751 0.284109 0.243502
51 0.831367 0.370793 0.332547 0.251690
51 0.501547 0.362979 0.334656 0.220627
51 0.141375 0.373101 0.282750 0.246760
51 0.173430 0.179103 0.094578 0.097927
51 0.176703 0.137805 0.095375 0.047596
51 0.246469 0.188293 0.070563 0.078676
51 0.596023 0.599155 0.195328 0.191934
51 0.174391 0.624033 0.335250 0.251341
50 0.283391 0.302770 0.094750 0.099686
50 0.757258 0.336533 0.128453 0.166063
51 0.613609 0.123868 0.205375 0.242648
51 0.171523 0.113110 0.076266 0.033571
51 0.404000 0.625584 0.132500 0.245523
61 0.249578 0.134643 0.056094 0.054861
79 0.774477 0.626080 0.149922 0.252300
