28 0.647336 0.491198 0.420359 0.323771
28 0.621109 0.261063 0.097500 0.054333
1 0.317656 0.363094 0.180406 0.572562
1 0.767797 0.916167 0.088656 0.167667
1 0.458234 0.872563 0.099219 0.226458
1 0.570305 0.791760 0.181297 0.416479
1 0.680211 0.812208 0.134984 0.222042
1 0.699539 0.912833 0.098484 0.171583
1 0.876195 0.886625 0.130734 0.226750
1 0.903367 0.741021 0.107859 0.101125
1 0.217664 0.855948 0.228172 0.288104
1 0.059828 0.898875 0.102813 0.175292
1 0.391828 0.862396 0.161281 0.275208
28 0.071891 0.213146 0.017656 0.056917
1 0.307805 0.650708 0.083266 0.131958
1 0.145297 0.660417 0.074656 0.080417
