72 0.934540 0.385871 0.130920 0.320631
3 0.801440 0.224970 0.182360 0.168679
62 0.542180 0.353033 0.068320 0.152853
62 0.293390 0.343438 0.040300 0.150480
62 0.455290 0.369474 0.090740 0.161772
62 0.924020 0.180135 0.015920 0.021952
67 0.465850 0.426456 0.183220 0.265826
1 0.348100 0.417718 0.083200 0.488949
1 0.183000 0.554535 0.282000 0.810811
1 0.270610 0.182583 0.023380 0.080781
1 0.296540 0.183138 0.015680 0.088018
1 0.613610 0.149234 0.025140 0.031622
75 0.048860 0.574339 0.027880 0.039910
1 0.231720 0.438438 0.137320 0.735135
1 0.244000 0.158799 0.019720 0.052733
62 0.858170 0.283919 0.033140 0.074625
72 0.416090 0.164174 0.014820 0.018679
72 0.562130 0.078904 0.202780 0.146817
1 0.364920 0.185015 0.042040 0.119820
1 0.066290 0.225511 0.048220 0.199730
31 0.534780 0.297027 0.031600 0.063544
1 0.262860 0.167613 0.011120 0.045616
1 0.703930 0.145330 0.016420 0.019489
1 0.733930 0.148483 0.016060 0.034444
3 0.062890 0.178453 0.019220 0.011261
