35 0.374125 0.901278 0.185469 0.196667
35 0.985195 0.697097 0.029609 0.055417
1 0.540383 0.613486 0.193391 0.750583
1 0.260383 0.441861 0.038078 0.130722
35 0.670453 0.568639 0.070375 0.039722
1 0.193281 0.427014 0.020469 0.110361
1 0.246867 0.435931 0.024984 0.101083
1 0.282688 0.421083 0.008844 0.026389
35 0.652180 0.442986 0.022016 0.078306
35 0.108352 0.389347 0.015141 0.107028
35 0.488937 0.940750 0.051438 0.118500
36 0.173688 0.429458 0.030500 0.094028
36 0.147391 0.426681 0.030219 0.091750
36 0.698680 0.508972 0.067828 0.066667
1 0.411492 0.455111 0.230516 0.910222
1 0.211789 0.414875 0.034203 0.138750
1 0.931883 0.555083 0.136078 0.323278
35 0.056852 0.395278 0.012453 0.135944
35 0.208008 0.486986 0.087891 0.028639
35 0.609336 0.405875 0.015703 0.090250
35 0.088352 0.403486 0.031672 0.130194
