85 0.723305 0.200198 0.068547 0.118688
62 0.769430 0.716219 0.228047 0.547312
27 0.166031 0.919687 0.153625 0.160625
72 0.770125 0.484917 0.214875 0.195083
72 0.365914 0.669990 0.137203 0.067021
84 0.522961 0.110396 0.075984 0.052375
84 0.430352 0.165427 0.068859 0.032396
84 0.513492 0.324417 0.024172 0.028875
84 0.602117 0.165792 0.063547 0.030417
84 0.517383 0.164750 0.059922 0.029583
84 0.335898 0.165375 0.081328 0.049833
84 0.605180 0.116760 0.067859 0.039646
84 0.327078 0.109177 0.091531 0.043021
84 0.606844 0.362167 0.066062 0.031333
84 0.429031 0.107948 0.075781 0.049896
84 0.608477 0.325177 0.070734 0.025229
84 0.488391 0.331062 0.022531 0.043542
74 0.864242 0.630052 0.031016 0.030562
