37 0.557422 0.122646 0.007656 0.012225
62 0.328273 0.315925 0.027172 0.035176
62 0.338281 0.302681 0.025688 0.035152
62 0.371750 0.293923 0.024656 0.026534
62 0.365305 0.307892 0.021984 0.010258
62 0.417187 0.250281 0.022969 0.027869
62 0.448352 0.237693 0.021797 0.030515
62 0.445492 0.245398 0.020422 0.017119
62 0.441422 0.264625 0.023031 0.026300
62 0.284828 0.283794 0.023750 0.030398
62 0.253164 0.285785 0.024734 0.034098
62 0.276633 0.301148 0.021641 0.023044
62 0.299563 0.317201 0.022750 0.033607
62 0.398883 0.289941 0.025359 0.013794
15 0.689055 0.472834 0.122922 0.025293
15 0.023227 0.652108 0.046453 0.117939
43 0.444070 0.449672 0.033734 0.117986
1 0.484273 0.602237 0.119953 0.449438
1 0.564625 0.253513 0.030812 0.094941
1 0.205594 0.538817 0.054219 0.086909
1 0.381453 0.234180 0.029313 0.060258
1 0.558750 0.452541 0.049188 0.175574
1 0.479156 0.202834 0.035813 0.084075
1 0.642820 0.379801 0.042203 0.167799
1 0.260844 0.545843 0.034875 0.076323
1 0.838211 0.461429 0.043172 0.148150
1 0.345586 0.238197 0.031484 0.080890
1 0.486344 0.327190 0.041938 0.076440
37 0.574805 0.444028 0.015766 0.039251
1 0.340922 0.542354 0.049219 0.078150
15 0.071648 0.562494 0.063016 0.015480
1 0.529375 0.230492 0.033937 0.066557
