16 0.302200 0.882427 0.097760 0.090560
16 0.214520 0.789080 0.094120 0.071493
16 0.077830 0.890227 0.043740 0.111173
16 0.367250 0.968760 0.071300 0.062480
16 0.396080 0.786613 0.107000 0.110080
16 0.435060 0.770053 0.093360 0.069280
16 0.517050 0.760347 0.072580 0.122187
16 0.591800 0.754280 0.081400 0.120613
16 0.742210 0.441240 0.063460 0.056827
16 0.699920 0.974280 0.068960 0.051440
16 0.839340 0.638547 0.086000 0.089200
16 0.676320 0.823293 0.097760 0.099013
16 0.911650 0.806907 0.045300 0.073173
16 0.867690 0.781760 0.064260 0.077973
16 0.859510 0.711627 0.077060 0.056320
16 0.817610 0.503427 0.037620 0.077627
16 0.874090 0.528120 0.080020 0.065307
16 0.662770 0.390467 0.033220 0.046747
1 0.341140 0.498307 0.198080 0.573360
15 0.581840 0.559413 0.332960 0.374453
16 0.926210 0.514320 0.061420 0.068160
