67 0.499456 0.762117 0.998912 0.475766
1 0.574686 0.289328 0.565649 0.568531
47 0.135575 0.563000 0.126674 0.129688
48 0.399780 0.462102 0.168264 0.073766
48 0.358860 0.568664 0.245711 0.056203
49 0.332354 0.584984 0.252113 0.084500
50 0.392542 0.462078 0.169351 0.076250
59 0.466360 0.816859 0.728117 0.325844
47 0.174927 0.519477 0.100063 0.107703
49 0.048828 0.851117 0.097657 0.097766
51 0.923243 0.775320 0.153515 0.185234
51 0.963400 0.646359 0.073201 0.090188
51 0.092793 0.671219 0.183954 0.101437
51 0.011517 0.781750 0.022824 0.089688
15 0.235868 0.377242 0.471736 0.329016
1 0.950921 0.444320 0.098159 0.326547
