15 0.464417 0.504500 0.922833 0.901125
35 0.529771 0.276258 0.183833 0.429859
35 0.329240 0.247109 0.122896 0.370875
62 0.180677 0.163375 0.075188 0.078812
67 0.147854 0.122688 0.131250 0.009156
35 0.425885 0.507875 0.770271 0.275188
35 0.383521 0.524969 0.767042 0.289563
35 0.486760 0.488172 0.818896 0.272313
35 0.753250 0.322078 0.204333 0.483125
35 0.356531 0.557828 0.712646 0.279344
35 0.609104 0.291797 0.128250 0.430500
35 0.316458 0.652234 0.628667 0.397375
35 0.803573 0.240125 0.108396 0.313281
35 0.451219 0.264297 0.158437 0.404375
35 0.664937 0.302250 0.134708 0.445594
35 0.379646 0.252844 0.096333 0.377937
