44 0.753313 0.851534 0.068125 0.291920
44 0.804219 0.876347 0.033000 0.221499
67 0.598664 0.909145 0.787672 0.146721
46 0.626453 0.900047 0.053094 0.198923
46 0.338117 0.935667 0.061734 0.128665
46 0.404000 0.925902 0.058813 0.132037
1 0.637953 0.580902 0.391313 0.653934
1 0.300266 0.519965 0.302156 0.935105
1 0.070789 0.752635 0.141578 0.493232
1 0.139422 0.698618 0.278844 0.602763
1 0.089930 0.252611 0.095578 0.166206
47 0.865305 0.902998 0.075703 0.192693
47 0.691898 0.951382 0.090141 0.097237
1 0.202891 0.290984 0.058625 0.123700
1 0.838578 0.508583 0.180344 0.531358
1 0.796930 0.246089 0.056266 0.090258
1 0.628648 0.235386 0.050547 0.069415
1 0.470547 0.391077 0.069625 0.277049
1 0.913547 0.310141 0.134438 0.211054
1 0.696500 0.285293 0.064094 0.188618
44 0.855102 0.903126 0.101078 0.193747
46 0.909586 0.411885 0.026891 0.079696
47 0.465062 0.951897 0.055875 0.093489
47 0.538953 0.937635 0.050000 0.121639
67 0.922938 0.505293 0.055406 0.166792
1 0.435063 0.258361 0.052719 0.158689
62 0.746797 0.467096 0.076000 0.102717
