28 0.333992 0.335104 0.237266 0.171833
28 0.531023 0.340396 0.164766 0.173250
28 0.493422 0.601771 0.084219 0.089708
28 0.622359 0.664167 0.118031 0.069583
28 0.677570 0.722281 0.069984 0.072438
28 0.747711 0.597198 0.065484 0.054021
28 0.185250 0.539885 0.185625 0.123063
28 0.230086 0.666063 0.071016 0.074250
28 0.906281 0.824760 0.109406 0.052396
28 0.245562 0.865844 0.092344 0.054396
28 0.495000 0.657521 0.053062 0.049167
28 0.690969 0.774958 0.057000 0.054167
1 0.592039 0.988771 0.024328 0.022458
1 0.509867 0.987552 0.016578 0.024896
1 0.539383 0.994500 0.015016 0.011000
1 0.113656 0.980125 0.027687 0.039750
1 0.148328 0.989021 0.024188 0.021958
1 0.249687 0.991563 0.019281 0.016875
