44 0.053336 0.773428 0.023266 0.081298
44 0.076102 0.778108 0.021828 0.072084
44 0.096750 0.790219 0.021625 0.057733
44 0.033961 0.772505 0.019203 0.081792
44 0.069797 0.639954 0.025781 0.079689
44 0.264039 0.628373 0.020797 0.060841
44 0.094391 0.639598 0.021844 0.071261
44 0.415820 0.633739 0.020922 0.045064
44 0.466789 0.632843 0.020109 0.049671
44 0.044398 0.636234 0.025672 0.084168
44 0.287867 0.630174 0.025328 0.053108
44 0.492758 0.633090 0.019266 0.050530
44 0.045805 0.874570 0.015422 0.066874
47 0.077172 0.883839 0.016313 0.038135
47 0.092680 0.887249 0.015266 0.034424
47 0.056039 0.886636 0.019766 0.038867
