7 0.534485 0.800734 0.931030 0.193719
7 0.500176 0.685539 0.993607 0.062922
3 0.648560 0.524078 0.056979 0.014250
3 0.797447 0.504945 0.045480 0.013484
3 0.683372 0.512477 0.028478 0.008516
3 0.724450 0.523273 0.056534 0.013578
3 0.744040 0.519742 0.047518 0.011016
3 0.710925 0.510141 0.024895 0.012781
3 0.856183 0.521602 0.051241 0.012922
9 0.346674 0.417352 0.693349 0.129453
3 0.551265 0.512258 0.040749 0.009797
3 0.582576 0.522930 0.050726 0.010516
3 0.523595 0.515398 0.027330 0.009859
3 0.553841 0.526891 0.051850 0.008469
3 0.796030 0.524234 0.053372 0.015438
3 0.681101 0.508031 0.034988 0.007719
