62 0.731039 0.700000 0.256828 0.320422
62 0.893891 0.746194 0.209656 0.241616
63 0.727445 0.701311 0.258266 0.322576
63 0.893117 0.748056 0.211297 0.239625
63 0.778625 0.922049 0.440031 0.130609
46 0.643703 0.304180 0.016219 0.054637
86 0.348219 0.284274 0.042844 0.096323
86 0.242133 0.851733 0.036422 0.085948
86 0.082414 0.159239 0.050234 0.131593
1 0.020156 0.284075 0.040250 0.075925
27 0.654180 0.833255 0.137734 0.143700
46 0.645703 0.382307 0.014375 0.050422
46 0.632938 0.390820 0.014750 0.037752
46 0.657578 0.299157 0.011969 0.067026
72 0.017227 0.571745 0.034453 0.295574
86 0.099492 0.299169 0.023828 0.047002
44 0.854227 0.718407 0.022047 0.048899
46 0.657930 0.386124 0.007484 0.048595
47 0.629914 0.387143 0.014484 0.026230
84 0.200461 0.958700 0.050453 0.028080
