1 0.548141 0.480854 0.596281 0.630625
1 0.555961 0.371688 0.022797 0.080833
36 0.289883 0.738948 0.316859 0.422479
36 0.038727 0.480396 0.034172 0.032792
1 0.241398 0.409938 0.017234 0.045000
1 0.070867 0.315937 0.004859 0.011500
1 0.129562 0.294469 0.004469 0.012437
1 0.153883 0.301052 0.010422 0.012313
1 0.926031 0.414385 0.024375 0.029062
1 0.856625 0.413760 0.013031 0.015021
1 0.098781 0.435365 0.110656 0.116521
1 0.294539 0.333500 0.002797 0.009917
1 0.049180 0.314854 0.007016 0.016125
1 0.115711 0.299656 0.004484 0.011437
1 0.135711 0.385031 0.012859 0.049229
