77 0.793633 0.656755 0.057422 0.086267
67 0.609469 0.860822 0.414719 0.238189
1 0.540273 0.606852 0.108891 0.474485
1 0.685102 0.465167 0.122266 0.301142
1 0.828039 0.671616 0.343922 0.656769
1 0.279203 0.715014 0.221594 0.521448
1 0.340328 0.544359 0.095937 0.431727
1 0.263984 0.438816 0.096781 0.251783
1 0.192320 0.630780 0.096172 0.448357
1 0.113156 0.620070 0.226312 0.759861
61 0.549266 0.876031 0.080094 0.113454
73 0.741562 0.680097 0.211594 0.283370
1 0.598031 0.473398 0.087656 0.277437
1 0.752117 0.443217 0.031797 0.192451
51 0.647984 0.885891 0.064312 0.032618
51 0.748437 0.888774 0.033687 0.024401
1 0.785633 0.451852 0.048234 0.151226
72 0.798984 0.594819 0.036406 0.067131
72 0.707273 0.723900 0.132641 0.158886
72 0.623836 0.672382 0.087672 0.128050
61 0.547828 0.822242 0.036406 0.015181
51 0.647852 0.872061 0.065891 0.022117
