43 0.563648 0.614104 0.032953 0.059917
1 0.139547 0.587802 0.040156 0.139896
1 0.066938 0.579385 0.031875 0.130062
1 0.210852 0.469271 0.025391 0.046792
62 0.185039 0.600854 0.047203 0.056125
62 0.244344 0.597292 0.031938 0.052792
62 0.156898 0.597042 0.013484 0.066292
1 0.537625 0.414365 0.026188 0.111979
1 0.505094 0.418052 0.030500 0.111646
1 0.260289 0.486938 0.036953 0.077667
1 0.226914 0.492417 0.027109 0.073000
1 0.115164 0.583125 0.033141 0.138167
1 0.642781 0.407948 0.027469 0.108854
1 0.629086 0.678135 0.110453 0.139562
1 0.110273 0.467531 0.024516 0.092521
1 0.642703 0.444823 0.009187 0.020646
15 0.326625 0.478854 0.027406 0.013417
37 0.245172 0.614448 0.015906 0.011354
37 0.089383 0.570250 0.004453 0.006042
1 0.357844 0.461406 0.015531 0.040271
