53 0.663031 0.484204 0.031969 0.047892
53 0.628891 0.501194 0.100406 0.082155
55 0.967172 0.645585 0.013813 0.013372
55 0.963242 0.661581 0.011984 0.010609
55 0.952203 0.660539 0.012125 0.009461
55 0.982047 0.647342 0.035906 0.035808
52 0.650836 0.739426 0.127141 0.185129
52 0.408555 0.761230 0.031484 0.168548
52 0.468477 0.768817 0.099234 0.176604
52 0.506258 0.613255 0.107203 0.172272
52 0.357102 0.749871 0.087641 0.193279
52 0.556000 0.771265 0.084000 0.159859
52 0.610734 0.645012 0.110625 0.111616
55 0.059117 0.665621 0.057922 0.037096
53 0.267852 0.540222 0.101672 0.064520
53 0.052859 0.623384 0.098781 0.093513
53 0.205437 0.634368 0.226187 0.124567
53 0.359586 0.524087 0.026547 0.028548
1 0.115164 0.497436 0.136047 0.205644
