3 0.493766 0.417194 0.022406 0.029667
3 0.286820 0.439056 0.059797 0.049889
3 0.105547 0.569653 0.206031 0.483139
3 0.393156 0.421819 0.023594 0.034194
3 0.368531 0.431875 0.039938 0.032250
3 0.504750 0.411903 0.007281 0.017583
6 0.631391 0.362361 0.175687 0.305611
1 0.789016 0.415250 0.016188 0.082333
1 0.772453 0.419639 0.021375 0.091722
1 0.744281 0.416639 0.022156 0.095556
31 0.751195 0.435917 0.007828 0.025889
31 0.736641 0.422861 0.008406 0.026222
1 0.993352 0.416389 0.009453 0.135778
3 0.540344 0.412889 0.015750 0.023333
3 0.421945 0.425417 0.035109 0.045167
3 0.442625 0.418083 0.013531 0.019556
