4 0.586047 0.793255 0.068187 0.111179
4 0.401492 0.831627 0.071359 0.195425
6 0.973656 0.602913 0.052687 0.401722
6 0.910258 0.499929 0.096172 0.172028
1 0.558492 0.789245 0.082641 0.283868
1 0.107570 0.684340 0.083797 0.107123
4 0.835781 0.804634 0.044344 0.187571
1 0.836688 0.752017 0.056469 0.221863
1 0.584258 0.580613 0.016203 0.047830
1 0.022945 0.779965 0.042953 0.265731
4 0.102922 0.796085 0.090281 0.214717
4 0.019336 0.840637 0.035016 0.184104
4 0.781461 0.815660 0.076922 0.222311
1 0.780852 0.780318 0.089828 0.286439
3 0.669422 0.773019 0.145500 0.242123
3 0.666203 0.595613 0.102813 0.104151
8 0.517992 0.410943 0.036203 0.049292
1 0.468734 0.604399 0.026812 0.049080
1 0.405664 0.787818 0.094703 0.288703
1 0.395125 0.492901 0.018625 0.037453
3 0.870258 0.660908 0.130609 0.198561
3 0.638484 0.611804 0.091594 0.080920
3 0.199500 0.662783 0.150313 0.109528
3 0.058195 0.758915 0.089172 0.237689
3 0.433836 0.760566 0.167391 0.234858
3 0.533984 0.630896 0.147656 0.101415
3 0.493375 0.706533 0.111688 0.192689
3 0.823078 0.677618 0.102438 0.126038
3 0.424977 0.619929 0.075359 0.060991
8 0.455500 0.462300 0.046969 0.104788
8 0.543969 0.459068 0.051438 0.079175
8 0.664266 0.536875 0.087844 0.077288
8 0.297625 0.512205 0.059750 0.097429
8 0.335313 0.490094 0.053906 0.068868
3 0.488016 0.579127 0.113844 0.075283
3 0.245578 0.795566 0.279031 0.265991
