19 0.648320 0.819494 0.703359 0.361013
19 0.546945 0.783070 0.630516 0.414399
9 0.280187 0.446835 0.038844 0.039778
9 0.541031 0.508323 0.166437 0.035949
9 0.746242 0.527278 0.130328 0.025981
9 0.118984 0.473125 0.107563 0.029383
9 0.548648 0.476013 0.030859 0.018703
9 0.515094 0.454921 0.139531 0.035665
9 0.774687 0.497231 0.108094 0.038449
1 0.382758 0.448877 0.007078 0.018987
1 0.276422 0.450459 0.006594 0.013892
19 0.243203 0.637429 0.124594 0.133655
1 0.710656 0.513560 0.027875 0.035095
1 0.522203 0.495245 0.013156 0.016883
1 0.915242 0.469422 0.029672 0.041851
1 0.503047 0.496155 0.034500 0.031424
19 0.065484 0.795720 0.130969 0.231820
19 0.191953 0.740451 0.379469 0.361788
19 0.458688 0.602104 0.063062 0.039968
19 0.713820 0.613544 0.054109 0.026772
19 0.965797 0.717223 0.068406 0.125902
1 0.540781 0.471859 0.006531 0.012231
1 0.503898 0.457540 0.005234 0.018275
1 0.681289 0.460237 0.018016 0.014494
1 0.778172 0.485491 0.008438 0.014241
1 0.481680 0.451100 0.005078 0.013275
9 0.661148 0.458647 0.025172 0.033623
9 0.913555 0.500475 0.172891 0.027658
9 0.949016 0.472484 0.088156 0.036519
9 0.681094 0.471535 0.022719 0.007658
9 0.373062 0.456741 0.041844 0.027184
