1 0.592555 0.778219 0.409703 0.415354
1 0.890172 0.848323 0.219656 0.280896
51 0.328367 0.511385 0.115391 0.058438
51 0.843203 0.601958 0.050562 0.051500
55 0.879203 0.621667 0.027531 0.031625
79 0.454875 0.691708 0.321188 0.405833
1 0.199664 0.734000 0.399328 0.501125
44 0.156109 0.459375 0.027000 0.126292
44 0.177437 0.457125 0.024875 0.122125
44 0.134125 0.456781 0.023750 0.123229
44 0.075906 0.447823 0.024375 0.121229
44 0.116180 0.450281 0.026922 0.129354
44 0.203992 0.458146 0.027078 0.118542
44 0.095039 0.450510 0.023297 0.125729
44 0.127289 0.409865 0.012953 0.048521
44 0.164352 0.420854 0.005672 0.052875
44 0.147383 0.427125 0.007984 0.071208
44 0.188391 0.448156 0.018094 0.099646
49 0.798133 0.634687 0.058359 0.010958
49 0.548180 0.584917 0.038578 0.032000
49 0.583680 0.592750 0.077266 0.037042
44 0.019523 0.402802 0.024359 0.085062
