9 0.500844 0.810677 0.998312 0.339313
1 0.479117 0.566031 0.467266 0.428896
1 0.661117 0.198365 0.255641 0.396729
1 0.270969 0.196125 0.283562 0.384792
1 0.965914 0.145740 0.068172 0.193812
50 0.571820 0.374812 0.029984 0.016750
51 0.191648 0.742010 0.094547 0.047271
51 0.138289 0.697146 0.102234 0.069708
49 0.437508 0.680469 0.032609 0.027187
51 0.293430 0.683375 0.068141 0.047500
51 0.257000 0.716354 0.079375 0.042208
51 0.210961 0.706760 0.057047 0.022479
51 0.610859 0.390375 0.082687 0.045750
51 0.347852 0.704375 0.091641 0.037792
