44 0.544836 0.849918 0.062297 0.300164
44 0.210203 0.750176 0.078906 0.417213
44 0.828258 0.789918 0.058703 0.263958
62 0.897641 0.692541 0.202156 0.167939
62 0.321070 0.557002 0.052766 0.026370
67 0.516914 0.877248 0.958703 0.220726
1 0.677047 0.591405 0.253844 0.418548
1 0.576273 0.563735 0.117297 0.283536
1 0.193437 0.636756 0.305125 0.525176
47 0.097555 0.888501 0.081203 0.222998
44 0.761297 0.558244 0.013437 0.052740
44 0.607656 0.871124 0.065594 0.257752
47 0.667617 0.918923 0.083453 0.145761
47 0.335602 0.784415 0.054453 0.174496
47 0.978812 0.755222 0.041844 0.166885
49 0.697273 0.835468 0.036609 0.086112
62 0.317258 0.664543 0.016391 0.068712
62 0.373328 0.621347 0.059969 0.173044
62 0.517641 0.662248 0.028969 0.130258
67 0.328641 0.643653 0.086844 0.110632
67 0.827156 0.606663 0.121906 0.052201
1 0.851336 0.501920 0.166641 0.179391
1 0.959430 0.551733 0.081141 0.241171
1 0.842000 0.554614 0.096500 0.127635
44 0.492070 0.824005 0.063297 0.274520
44 0.924273 0.770785 0.071547 0.185925
47 0.774602 0.916288 0.090234 0.167424
47 0.751344 0.557119 0.014750 0.037377
44 0.733867 0.531112 0.022391 0.073091
