44 0.465203 0.280375 0.096688 0.249368
1 0.826844 0.162927 0.346312 0.316862
46 0.858352 0.333700 0.151422 0.388759
46 0.656695 0.244941 0.158922 0.489883
46 0.790273 0.239953 0.106641 0.304075
46 0.484070 0.262986 0.169891 0.525972
46 0.294609 0.207869 0.154438 0.415738
46 0.126562 0.252155 0.128125 0.323185
46 0.090500 0.119274 0.156750 0.238548
47 0.210656 0.498876 0.139437 0.220234
47 0.666695 0.314087 0.078797 0.158103
48 0.070164 0.607131 0.139797 0.251780
50 0.312484 0.519473 0.097812 0.140445
50 0.614516 0.270176 0.035125 0.042084
50 0.958211 0.591487 0.057359 0.052810
47 0.991016 0.561347 0.016969 0.204426
46 0.312555 0.235867 0.078172 0.207002
86 0.230477 0.232471 0.097047 0.288314
1 0.380852 0.117951 0.078859 0.235902
67 0.500000 0.500000 1.000000 1.000000
47 0.408148 0.219520 0.020891 0.094731
