67 0.505719 0.817722 0.984250 0.318294
61 0.469867 0.683178 0.129047 0.217009
61 0.654055 0.751425 0.138672 0.201729
61 0.370828 0.812360 0.151531 0.212664
61 0.339867 0.696355 0.131391 0.133692
61 0.278289 0.595315 0.114453 0.141379
61 0.780711 0.695502 0.127734 0.244930
61 0.225758 0.520689 0.091141 0.079603
61 0.168008 0.623621 0.118578 0.130421
61 0.599289 0.651834 0.125078 0.202126
61 0.704508 0.625736 0.104516 0.145023
61 0.190945 0.811086 0.162266 0.276472
61 0.451961 0.514860 0.104109 0.126215
64 0.146750 0.682874 0.291938 0.633131
61 0.835070 0.528364 0.221766 0.212430
