85 0.485953 0.296862 0.023312 0.048384
67 0.497398 0.802951 0.710578 0.376674
50 0.469187 0.738150 0.068000 0.048384
62 0.076852 0.680363 0.132609 0.353981
62 0.196563 0.613326 0.102594 0.256300
62 0.282391 0.629824 0.085500 0.181944
62 0.493883 0.580351 0.092016 0.152600
62 0.763500 0.598173 0.058344 0.184028
62 0.420297 0.602412 0.072813 0.170539
62 0.835688 0.621885 0.091500 0.182834
62 0.662695 0.820667 0.161922 0.325831
62 0.825859 0.800773 0.194875 0.398454
62 0.711219 0.597529 0.076125 0.156604
62 0.135586 0.812213 0.232203 0.374965
51 0.527141 0.676370 0.102031 0.101265
51 0.318133 0.819239 0.089734 0.053419
51 0.631289 0.654473 0.049078 0.032600
62 0.341578 0.587026 0.112969 0.207307
67 0.637867 0.604227 0.098328 0.030187
50 0.327844 0.729403 0.014813 0.011780
