73 0.403102 0.558271 0.056484 0.052833
62 0.601672 0.668083 0.074594 0.112583
62 0.685078 0.652781 0.099219 0.110729
62 0.935391 0.843406 0.129125 0.313188
62 0.848883 0.612156 0.063547 0.089396
62 0.771062 0.860677 0.224156 0.251688
62 0.346359 0.630708 0.109312 0.158458
62 0.495094 0.772187 0.151469 0.272125
62 0.927156 0.586292 0.089375 0.097542
64 0.753562 0.465823 0.069437 0.105896
62 0.761688 0.634010 0.072000 0.097813
62 0.550789 0.533073 0.079453 0.063021
67 0.576898 0.731677 0.502516 0.325604
67 0.781336 0.804969 0.437328 0.390062
67 0.308047 0.821573 0.613219 0.356854
67 0.883422 0.576063 0.233156 0.075750
