44 0.875906 0.466125 0.023375 0.049750
62 0.169141 0.473938 0.039313 0.117958
62 0.193000 0.504250 0.025656 0.136083
62 0.244953 0.560135 0.058906 0.166437
67 0.670586 0.800781 0.441172 0.345896
62 0.900000 0.863063 0.200000 0.273875
62 0.482375 0.480906 0.032031 0.044104
62 0.516055 0.497917 0.038141 0.041083
62 0.452164 0.634146 0.125953 0.168833
62 0.949070 0.627115 0.101859 0.230979
64 0.080617 0.369802 0.031516 0.080479
62 0.209945 0.532500 0.025453 0.161583
62 0.320883 0.632812 0.102328 0.165083
67 0.368234 0.551719 0.364250 0.336979
46 0.361383 0.463781 0.033359 0.089271
46 0.398648 0.489646 0.030984 0.097167
46 0.251102 0.384750 0.024016 0.073917
51 0.715656 0.879583 0.096656 0.068958
51 0.517336 0.715781 0.076172 0.071271
86 0.328211 0.461938 0.011078 0.007583
62 0.449859 0.462792 0.033281 0.040292
86 0.828969 0.432146 0.012562 0.064292
62 0.036281 0.361677 0.072063 0.108437
62 0.424188 0.446854 0.023750 0.035833
