62 0.120586 0.900615 0.238891 0.195771
67 0.600000 0.805615 0.620219 0.280896
1 0.185555 0.658250 0.371109 0.683500
1 0.466852 0.507177 0.232578 0.323604
47 0.645414 0.727385 0.058422 0.138187
47 0.452617 0.729948 0.056547 0.140146
1 0.606000 0.468031 0.053156 0.144813
47 0.577555 0.675521 0.051234 0.147042
47 0.712766 0.736958 0.057156 0.148250
62 0.969469 0.880563 0.061062 0.053667
77 0.664211 0.658062 0.065828 0.065167
1 0.809828 0.647187 0.379219 0.705625
1 0.129430 0.542365 0.258859 0.355021
62 0.706539 0.610708 0.068609 0.067750
67 0.752969 0.586375 0.206906 0.083667
44 0.835367 0.553271 0.015422 0.037250
44 0.794602 0.550615 0.015359 0.038187
47 0.607555 0.664385 0.036609 0.127271
47 0.401219 0.755448 0.060969 0.154396
47 0.518969 0.663333 0.049500 0.099500
50 0.569586 0.595729 0.004797 0.062500
44 0.570438 0.738052 0.034687 0.088771
44 0.506016 0.709823 0.026937 0.072354
