85 0.047320 0.124721 0.094640 0.213484
84 0.689710 0.705559 0.046220 0.220426
84 0.601810 0.274495 0.031540 0.076170
84 0.615630 0.677606 0.034940 0.155532
84 0.458430 0.393790 0.013140 0.089814
84 0.518290 0.698191 0.063380 0.149468
84 0.319290 0.345505 0.028740 0.211436
84 0.559580 0.384801 0.036160 0.119122
84 0.244900 0.344707 0.048040 0.209149
84 0.286200 0.327434 0.044080 0.246941
84 0.297360 0.354894 0.018680 0.195479
84 0.487250 0.387806 0.015580 0.115133
84 0.347660 0.384601 0.013120 0.140319
84 0.636510 0.266290 0.025820 0.097793
