1 0.130617 0.517040 0.160766 0.170397
1 0.769719 0.640659 0.206188 0.318724
1 0.914070 0.522657 0.154172 0.169833
1 0.523984 0.864864 0.196813 0.247762
1 0.164016 0.786036 0.324656 0.403159
1 0.904156 0.309990 0.040063 0.103033
72 0.406930 0.140356 0.274641 0.273556
1 0.531547 0.639895 0.211406 0.236987
1 0.276055 0.493044 0.133359 0.147552
1 0.330180 0.447082 0.037922 0.084038
62 0.358172 0.639446 0.202750 0.063536
62 0.263094 0.575366 0.128656 0.036506
62 0.405969 0.565607 0.144031 0.039331
62 0.495469 0.412950 0.040125 0.011548
62 0.502695 0.442395 0.027141 0.027176
62 0.432203 0.408713 0.028375 0.010188
62 0.403531 0.596831 0.120000 0.033954
62 0.250586 0.605962 0.127609 0.031130
73 0.268219 0.857113 0.170875 0.275523
73 0.554922 0.845460 0.182906 0.254268
73 0.821438 0.831736 0.110000 0.254979
73 0.711359 0.631360 0.065687 0.106820
73 0.319984 0.517186 0.061156 0.061527
73 0.905461 0.426820 0.043016 0.047406
1 0.565469 0.485889 0.089719 0.113201
1 0.459305 0.436056 0.083859 0.088264
62 0.504250 0.402071 0.046406 0.009582
62 0.428117 0.426799 0.034672 0.012343
62 0.921359 0.633107 0.156219 0.082531
62 0.326781 0.687521 0.108688 0.037469
73 0.987781 0.529916 0.024438 0.050335
73 0.721711 0.435764 0.033328 0.042238
73 0.579805 0.616119 0.065859 0.146967
73 0.814742 0.426956 0.039359 0.041360
73 0.153703 0.409550 0.027187 0.023368
73 0.052047 0.406182 0.025594 0.020356
1 0.400297 0.501862 0.112531 0.117866
62 0.467125 0.498536 0.067812 0.018452
1 0.897352 0.824184 0.205297 0.347071
