1 0.420010 0.723807 0.048900 0.127159
1 0.045950 0.495071 0.016300 0.055767
38 0.476010 0.270384 0.435740 0.283608
38 0.445170 0.041591 0.029180 0.058466
3 0.100940 0.426108 0.050760 0.039943
3 0.175640 0.425923 0.036560 0.032415
31 0.407080 0.724915 0.030520 0.050341
3 0.727780 0.418125 0.060560 0.034773
3 0.595900 0.422443 0.059400 0.031307
3 0.845580 0.427486 0.066600 0.038494
3 0.308450 0.407741 0.054620 0.036562
3 0.789390 0.400440 0.031300 0.033324
3 0.986660 0.413622 0.026680 0.035369
3 0.966930 0.411676 0.033420 0.037159
3 0.918460 0.407741 0.052480 0.032813
3 0.829460 0.413835 0.047040 0.035625
3 0.201800 0.404702 0.033920 0.025256
8 0.183170 0.372770 0.075420 0.070824
1 0.539250 0.408764 0.007940 0.040994
1 0.505160 0.407685 0.003320 0.009403
3 0.815850 0.400568 0.049340 0.030511
