27 0.590500 0.489896 0.017875 0.041208
31 0.477195 0.567625 0.035203 0.063583
31 0.739820 0.499385 0.025672 0.081896
1 0.196078 0.702104 0.155656 0.419958
27 0.645695 0.499198 0.032766 0.064646
27 0.044172 0.534542 0.032969 0.033125
28 0.509180 0.466938 0.099922 0.066625
28 0.726258 0.441719 0.064984 0.045062
28 0.402398 0.453156 0.086391 0.036437
28 0.336953 0.429083 0.075219 0.044667
28 0.630375 0.448573 0.078531 0.046396
28 0.247875 0.464375 0.076781 0.045792
28 0.235422 0.430354 0.123031 0.049667
28 0.064031 0.421354 0.055281 0.028167
28 0.360234 0.454562 0.031344 0.026708
28 0.123508 0.427313 0.113047 0.067917
31 0.875969 0.525719 0.015719 0.032813
31 0.220352 0.574937 0.019391 0.047750
1 0.335742 0.540823 0.047078 0.201187
1 0.436852 0.627021 0.126766 0.313583
1 0.486000 0.589625 0.058531 0.245458
1 0.627719 0.554969 0.063094 0.186229
1 0.905016 0.509052 0.036531 0.168063
1 0.857906 0.504646 0.043031 0.168292
1 0.390250 0.605979 0.100094 0.274875
1 0.249891 0.576250 0.039906 0.196458
1 0.793523 0.475688 0.024516 0.128208
1 0.050523 0.542396 0.047328 0.160958
1 0.728797 0.414135 0.014531 0.015604
31 0.510563 0.575583 0.031750 0.069500
31 0.803641 0.477563 0.009344 0.029583
1 0.977602 0.537875 0.038141 0.132375
28 0.011813 0.456937 0.022406 0.034417
