85 0.423740 0.271820 0.026562 0.058078
62 0.742948 0.915453 0.110021 0.110375
62 0.798521 0.850273 0.067417 0.051297
62 0.877427 0.820008 0.058438 0.038391
1 0.614927 0.862844 0.134479 0.240125
1 0.489979 0.870039 0.123208 0.259922
1 0.368406 0.834875 0.088854 0.171469
3 0.129958 0.746492 0.117542 0.039172
62 0.887146 0.861641 0.117500 0.094781
67 0.764000 0.848766 0.129083 0.031625
67 0.930521 0.856805 0.084125 0.096047
3 0.170406 0.737000 0.028646 0.016406
62 0.972313 0.844938 0.012667 0.016313
85 0.507083 0.260000 0.073583 0.053906
62 0.854187 0.902594 0.105708 0.117406
