1 0.217156 0.715240 0.338094 0.448729
1 0.177992 0.491781 0.231703 0.218146
1 0.199672 0.249687 0.399344 0.492583
47 0.374156 0.533781 0.143594 0.105854
47 0.397844 0.889698 0.165031 0.112604
47 0.400227 0.048948 0.158078 0.091938
50 0.461797 0.678448 0.064594 0.210562
59 0.727383 0.659302 0.203672 0.437688
59 0.895883 0.670885 0.208234 0.425313
1 0.652875 0.896406 0.123313 0.186938
48 0.481273 0.649604 0.051484 0.142708
59 0.810016 0.315031 0.379969 0.622479
59 0.531586 0.895188 0.092328 0.209625
67 0.681742 0.494385 0.635391 0.988771
3 0.087477 0.919198 0.077578 0.156687
48 0.394211 0.736719 0.043141 0.115021
50 0.461344 0.293938 0.050281 0.288792
1 0.097289 0.036281 0.191547 0.069271
