2 0.439859 0.709942 0.076063 0.427033
2 0.084906 0.450689 0.091312 0.183014
2 0.555602 0.648224 0.066734 0.349252
13 0.862492 0.172582 0.112203 0.344509
1 0.226922 0.377523 0.051094 0.251682
1 0.444445 0.521016 0.188078 0.795304
1 0.186719 0.371893 0.034719 0.171402
1 0.135914 0.376180 0.056828 0.175771
1 0.093602 0.370841 0.063516 0.278318
1 0.068133 0.393131 0.058109 0.307757
1 0.961047 0.322909 0.067625 0.247173
1 0.038539 0.387757 0.077078 0.345701
1 0.566563 0.498879 0.129250 0.719112
1 0.924055 0.316414 0.077953 0.229276
4 0.085852 0.446881 0.095859 0.190864
