3 0.695997 0.437002 0.035131 0.025016
3 0.067549 0.598791 0.135098 0.124020
3 0.724853 0.496618 0.052516 0.050556
3 0.700000 0.412394 0.018268 0.014690
1 0.232753 0.588538 0.082239 0.201618
1 0.329755 0.541299 0.055458 0.052042
1 0.485694 0.554109 0.058676 0.078317
3 0.736487 0.406977 0.022255 0.017418
3 0.704371 0.396871 0.019036 0.015931
3 0.846601 0.499281 0.020327 0.033105
3 0.687369 0.404240 0.019281 0.018709
4 0.485261 0.579175 0.045000 0.078317
4 0.325858 0.601846 0.052533 0.081634
4 0.607631 0.534126 0.029771 0.036225
4 0.533693 0.533889 0.033431 0.041373
4 0.683521 0.473227 0.008971 0.022108
4 0.633211 0.514020 0.023121 0.032124
4 0.624592 0.488056 0.017451 0.021013
8 0.725057 0.495801 0.055703 0.056275
8 0.760310 0.422827 0.030229 0.028072
8 0.700498 0.409910 0.020539 0.017533
1 0.346275 0.531275 0.023987 0.029542
1 0.607557 0.512557 0.029722 0.026618
1 0.625931 0.481765 0.019477 0.030294
1 0.167966 0.614616 0.154984 0.216389
1 0.533570 0.525074 0.024624 0.044657
1 0.482116 0.521275 0.014069 0.027745
1 0.634730 0.506013 0.022467 0.033693
4 0.164608 0.679453 0.190588 0.272271
4 0.360801 0.595000 0.019967 0.035392
3 0.735392 0.399248 0.035719 0.013039
3 0.260637 0.565425 0.057549 0.109673
1 0.683873 0.460580 0.013595 0.013154
