64 0.482859 0.110597 0.020344 0.065550
63 0.522273 0.565597 0.858016 0.705386
73 0.754063 0.397155 0.157125 0.154075
84 0.791648 0.191323 0.012953 0.085363
84 0.848656 0.099169 0.013938 0.085082
84 0.895383 0.218091 0.022578 0.093232
84 0.831250 0.218044 0.018094 0.064520
84 0.856539 0.215703 0.012422 0.073934
84 0.912484 0.226944 0.029125 0.081850
84 0.935398 0.115855 0.014766 0.090258
84 0.955852 0.115995 0.053422 0.099344
84 0.858781 0.302564 0.025125 0.055340
84 0.897172 0.107283 0.016281 0.088946
84 0.927625 0.025726 0.012406 0.048782
64 0.623805 0.120972 0.110703 0.215246
64 0.509898 0.108607 0.038141 0.059883
84 0.865820 0.216979 0.016891 0.084731
64 0.384055 0.082658 0.181859 0.164473
84 0.871586 0.103466 0.022891 0.092412
