1 0.630453 0.521499 0.343344 0.934848
1 0.953422 0.674988 0.022875 0.080187
1 0.344547 0.670269 0.015625 0.029532
42 0.658195 0.689883 0.491766 0.584262
42 0.033289 0.685281 0.063922 0.082459
1 0.919531 0.680433 0.008094 0.033653
42 0.351937 0.674719 0.013031 0.020585
1 0.388625 0.680960 0.010687 0.010632
1 0.228938 0.663583 0.004375 0.007447
1 0.181102 0.663419 0.007484 0.009180
1 0.008625 0.670293 0.017250 0.113185
1 0.111813 0.663653 0.005812 0.007916
1 0.326531 0.666967 0.005031 0.018993
1 0.293625 0.667904 0.007625 0.014871
1 0.361578 0.670129 0.005687 0.011920
1 0.080102 0.662049 0.007234 0.005550
