3 0.080828 0.618852 0.110625 0.074426
3 0.975063 0.645632 0.049875 0.091546
3 0.179906 0.623759 0.112312 0.071499
6 0.525508 0.595515 0.571234 0.242693
1 0.575320 0.565094 0.010047 0.027939
1 0.530078 0.557881 0.037406 0.033841
1 0.483211 0.553548 0.011297 0.024052
8 0.813688 0.643080 0.088344 0.104614
1 0.600375 0.567365 0.013312 0.018806
1 0.381984 0.551745 0.019688 0.029859
8 0.899969 0.640597 0.133031 0.101803
1 0.344883 0.549098 0.017609 0.032623
8 0.034984 0.608290 0.069969 0.091194
13 0.314469 0.581464 0.022437 0.036511
