72 0.062969 0.149438 0.125937 0.182014
72 0.249852 0.388888 0.148266 0.201663
62 0.072047 0.783478 0.144094 0.410375
67 0.460750 0.923536 0.789625 0.129415
67 0.163820 0.506335 0.181422 0.113934
1 0.485773 0.537084 0.374828 0.750562
1 0.913234 0.819824 0.173531 0.335574
47 0.359375 0.886136 0.117750 0.227307
48 0.442898 0.928314 0.043266 0.057658
48 0.459469 0.909098 0.034594 0.046628
62 0.127937 0.562365 0.099844 0.055738
62 0.151781 0.549028 0.081063 0.080304
62 0.347961 0.495234 0.055672 0.042037
62 0.173758 0.499801 0.063297 0.031639
47 0.233922 0.944813 0.167969 0.110375
67 0.131531 0.675468 0.262313 0.170796
67 0.323258 0.540246 0.054828 0.061850
47 0.764641 0.916686 0.139469 0.162037
47 0.237188 0.805164 0.130000 0.226674
47 0.189305 0.588794 0.013734 0.058946
