44 0.325719 0.484941 0.014625 0.086776
67 0.176703 0.525741 0.319219 0.064376
1 0.181312 0.565165 0.114906 0.541576
1 0.517883 0.602682 0.149359 0.656424
2 0.964469 0.598035 0.071063 0.260824
2 0.646859 0.771059 0.467000 0.305082
51 0.103563 0.502812 0.061562 0.045059
52 0.160016 0.475941 0.014469 0.044918
52 0.209852 0.507035 0.034922 0.032988
52 0.169805 0.496871 0.021891 0.021506
52 0.139328 0.505612 0.085875 0.044165
28 0.620039 0.249447 0.547672 0.485388
44 0.308586 0.511400 0.010766 0.046612
47 0.287344 0.504165 0.016656 0.040659
51 0.441273 0.504941 0.033391 0.051388
44 0.412750 0.514176 0.022875 0.060024
44 0.055039 0.854035 0.018953 0.097435
