42 0.507805 0.701198 0.665547 0.182896
42 0.522492 0.599833 0.349922 0.183792
1 0.820414 0.353667 0.054484 0.066625
1 0.911492 0.320917 0.039203 0.126500
1 0.600141 0.317938 0.015594 0.054417
1 0.524984 0.322562 0.016438 0.057208
1 0.402211 0.380625 0.045828 0.027458
1 0.136117 0.343417 0.022828 0.059042
1 0.114227 0.339344 0.026828 0.072396
1 0.853430 0.348792 0.042984 0.069083
1 0.980203 0.333646 0.039594 0.107583
1 0.474016 0.379219 0.038500 0.022688
1 0.881313 0.339802 0.048750 0.076188
1 0.119375 0.346198 0.011844 0.050229
1 0.927570 0.324031 0.013984 0.051271
42 0.415180 0.327208 0.011422 0.059458
42 0.403531 0.326750 0.010469 0.061042
42 0.395437 0.325625 0.011687 0.062000
42 0.346211 0.306927 0.010203 0.019479
42 0.332852 0.306615 0.007891 0.013688
