64 0.541016 0.291573 0.300000 0.128104
72 0.096492 0.428104 0.174578 0.198667
44 0.645750 0.963875 0.033375 0.072250
72 0.516383 0.629083 0.109797 0.130667
1 0.340383 0.544958 0.165172 0.584750
1 0.776180 0.568698 0.201016 0.824313
47 0.670641 0.508188 0.033844 0.063875
74 0.606898 0.724854 0.029766 0.019250
76 0.504344 0.719125 0.141250 0.030208
51 0.106703 0.669990 0.040031 0.029771
51 0.070164 0.667281 0.040828 0.028146
51 0.219898 0.662083 0.069109 0.061750
86 0.484672 0.303312 0.039219 0.050792
1 0.200297 0.834115 0.210000 0.303521
1 0.881477 0.723458 0.233328 0.553083
51 0.273406 0.659604 0.044062 0.067167
51 0.123664 0.654438 0.052172 0.049333
