77 0.407800 0.571527 0.013080 0.030240
77 0.243370 0.936766 0.046180 0.126467
47 0.364020 0.941617 0.051120 0.082874
73 0.233130 0.891871 0.155420 0.192365
73 0.321000 0.541557 0.063880 0.090599
73 0.706650 0.530225 0.055340 0.089431
73 0.805880 0.516183 0.047840 0.051407
73 0.577160 0.444102 0.041640 0.020778
1 0.640980 0.812365 0.276200 0.352814
1 0.844780 0.803174 0.272480 0.393653
1 0.739730 0.656811 0.161380 0.288593
1 0.380570 0.615539 0.182260 0.294192
1 0.456340 0.465165 0.138120 0.287635
1 0.343150 0.473668 0.066460 0.142964
1 0.339180 0.409237 0.131680 0.169790
1 0.910510 0.355569 0.018860 0.052275
1 0.948110 0.404401 0.033620 0.052275
1 0.638680 0.482515 0.084480 0.134910
1 0.128840 0.854970 0.257240 0.290060
1 0.716720 0.411317 0.053880 0.073593
44 0.268090 0.747425 0.027140 0.103952
62 0.031300 0.801692 0.062600 0.316677
62 0.588690 0.581003 0.056220 0.113623
62 0.948650 0.685539 0.088020 0.197904
62 0.974580 0.673772 0.050840 0.219102
62 0.565340 0.657635 0.080720 0.099880
67 0.495700 0.854266 0.622680 0.291467
67 0.187310 0.632889 0.308420 0.200449
67 0.673450 0.590195 0.137860 0.139611
67 0.835250 0.470269 0.031900 0.022575
67 0.553800 0.473398 0.062320 0.082425
73 0.274760 0.524686 0.044720 0.061168
73 0.114000 0.557665 0.060120 0.032395
73 0.791660 0.409237 0.017080 0.026317
77 0.826160 0.592440 0.011720 0.025659
47 0.362070 0.736632 0.027700 0.049551
47 0.166680 0.543189 0.011040 0.021647
62 0.933980 0.772829 0.074000 0.145838
62 0.980640 0.855704 0.035440 0.140449
62 0.949030 0.557231 0.041140 0.097036
62 0.549640 0.558668 0.047000 0.111228
62 0.053200 0.559760 0.060120 0.138623
62 0.025300 0.549641 0.043360 0.153653
62 0.257730 0.672485 0.105140 0.155150
73 0.902140 0.405464 0.016520 0.020449
73 0.616480 0.402201 0.015160 0.020210
77 0.425490 0.463548 0.013980 0.016856
77 0.244850 0.936302 0.048140 0.124760
77 0.198190 0.414581 0.006900 0.007066
1 0.742660 0.414042 0.024680 0.054910
62 0.596920 0.505614 0.033760 0.062545
