28 0.729008 0.124009 0.095766 0.097453
1 0.495055 0.366733 0.045766 0.312524
1 0.832523 0.764175 0.019547 0.124198
1 0.294766 0.422134 0.040188 0.234741
1 0.880734 0.740967 0.040188 0.193774
1 0.665133 0.327913 0.046547 0.335731
1 0.851375 0.759717 0.019344 0.133396
1 0.389711 0.416474 0.031172 0.230590
1 0.431945 0.389800 0.054484 0.248231
1 0.353492 0.437205 0.046766 0.209788
22 0.665055 0.726828 0.345453 0.531108
22 0.475656 0.721439 0.162437 0.425613
22 0.380383 0.695507 0.168234 0.388750
22 0.309617 0.693703 0.114891 0.331085
22 0.089648 0.638573 0.078672 0.154882
22 0.026109 0.658514 0.049469 0.140236
22 0.061109 0.668880 0.045250 0.167476
22 0.054930 0.649517 0.078953 0.157193
28 0.916852 0.643208 0.038578 0.017311
1 0.575719 0.439517 0.050094 0.105259
1 0.619328 0.337075 0.053594 0.314623
1 0.318094 0.431462 0.029125 0.206887
22 0.270781 0.676733 0.151750 0.311014
22 0.187820 0.677241 0.121422 0.270047
22 0.140242 0.661038 0.122172 0.283113
22 0.127531 0.626981 0.060906 0.136462
1 0.533586 0.383491 0.052859 0.274245
22 0.039523 0.662205 0.051109 0.149080
