86 0.147500 0.799445 0.142833 0.150359
51 0.642740 0.312820 0.238646 0.132109
51 0.740344 0.622883 0.380229 0.194953
51 0.380844 0.616508 0.251521 0.140578
51 0.184188 0.313094 0.139583 0.054250
51 0.107375 0.229445 0.108250 0.049891
51 0.046521 0.311508 0.072875 0.041328
51 0.121031 0.310867 0.126354 0.053672
51 0.802552 0.319945 0.119063 0.066734
51 0.103302 0.507047 0.084854 0.051875
51 0.036219 0.305156 0.072438 0.044469
51 0.233750 0.328813 0.068375 0.030219
86 0.044750 0.463328 0.080875 0.100687
86 0.383479 0.304445 0.160833 0.099422
86 0.279292 0.133109 0.056208 0.065562
86 0.315000 0.150344 0.057667 0.039500
86 0.689063 0.101938 0.089833 0.070406
47 0.382854 0.144711 0.046750 0.039922
47 0.426052 0.137820 0.057688 0.041766
47 0.689177 0.103586 0.088688 0.069328
51 0.171948 0.524234 0.132271 0.091750
86 0.150500 0.930273 0.074125 0.085797
51 0.863469 0.109414 0.092479 0.063391
47 0.790531 0.114234 0.089312 0.053031
47 0.299771 0.915961 0.142000 0.130828
