1 0.340969 0.449021 0.094719 0.336500
1 0.207805 0.466719 0.041797 0.157396
1 0.140789 0.475375 0.018766 0.069833
1 0.255211 0.478271 0.008922 0.037333
1 0.797930 0.479719 0.022672 0.063187
1 0.990531 0.477156 0.018937 0.134187
43 0.346883 0.467135 0.059828 0.056813
43 0.236922 0.449333 0.018594 0.025500
1 0.282461 0.484281 0.008328 0.037479
1 0.564625 0.470667 0.006906 0.026083
37 0.657297 0.544833 0.007187 0.008583
37 0.909906 0.531687 0.005125 0.007542
37 0.954242 0.514875 0.004172 0.005500
37 0.468828 0.531771 0.005094 0.007250
37 0.523195 0.513365 0.003766 0.006146
37 0.806250 0.526885 0.004750 0.006979
37 0.575445 0.525729 0.006422 0.008167
43 0.160727 0.462948 0.013766 0.012271
43 0.809766 0.457542 0.007656 0.010208
43 0.557508 0.488437 0.009016 0.007958
43 0.981609 0.495781 0.005781 0.029104
