37 0.578592 0.472672 0.028183 0.042087
43 0.488675 0.332583 0.105983 0.453919
1 0.331183 0.535954 0.262000 0.928092
1 0.116283 0.497748 0.232567 0.995496
1 0.430533 0.384275 0.169267 0.768550
1 0.544558 0.211628 0.084317 0.364326
1 0.622700 0.299160 0.207767 0.496590
1 0.687483 0.197697 0.037867 0.098550
1 0.835633 0.372201 0.326033 0.739924
1 0.871675 0.415687 0.054783 0.101145
15 0.618200 0.584262 0.579933 0.305623
37 0.821692 0.539542 0.009183 0.011196
43 0.896417 0.761832 0.010533 0.021883
1 0.223200 0.417061 0.086067 0.261145
1 0.878117 0.598282 0.084500 0.106438
1 0.873625 0.781578 0.046317 0.097252
77 0.125967 0.679084 0.048133 0.104020
1 0.534150 0.322430 0.077767 0.232901
