64 0.600850 0.726960 0.382580 0.546080
64 0.899080 0.584907 0.197720 0.356107
67 0.244410 0.574893 0.400580 0.171760
67 0.703530 0.507027 0.248140 0.108560
28 0.518260 0.267413 0.534280 0.530347
28 0.731140 0.280173 0.347600 0.301733
62 0.112820 0.773080 0.225640 0.417573
62 0.328340 0.511013 0.083240 0.070347
62 0.696100 0.449053 0.070320 0.040400
62 0.206720 0.471747 0.057720 0.056400
62 0.135950 0.452467 0.044500 0.043760
62 0.445380 0.554947 0.102840 0.118000
62 0.576860 0.433440 0.049400 0.048267
62 0.518670 0.467907 0.055740 0.123067
62 0.802670 0.466173 0.070940 0.035280
62 0.794460 0.454360 0.156040 0.053680
67 0.599650 0.430133 0.140580 0.050453
67 0.799450 0.437120 0.148860 0.023840
62 0.572370 0.513307 0.081740 0.127040
62 0.329510 0.479160 0.080060 0.123120
64 0.979060 0.562960 0.041880 0.128373
67 0.428520 0.481253 0.204960 0.121387
67 0.678270 0.401920 0.114020 0.004213
67 0.090110 0.562267 0.180220 0.251200
62 0.703810 0.588320 0.110940 0.224693
