62 0.248391 0.441937 0.112906 0.238708
62 0.072453 0.448146 0.144906 0.221083
62 0.194789 0.395948 0.102359 0.185229
62 0.310961 0.372573 0.074578 0.165104
62 0.848391 0.650542 0.154844 0.372042
62 0.904406 0.380240 0.034875 0.091312
62 0.725664 0.337698 0.037516 0.067937
62 0.976977 0.337969 0.044141 0.033646
1 0.460305 0.475229 0.349672 0.497750
1 0.412922 0.411229 0.144937 0.364042
1 0.642695 0.614906 0.206828 0.732396
1 0.317625 0.290521 0.102625 0.156958
32 0.478945 0.546479 0.066859 0.232708
67 0.891852 0.483583 0.216297 0.150542
67 0.322148 0.806594 0.644297 0.386812
67 0.135070 0.346969 0.236578 0.076062
85 0.026125 0.025458 0.044094 0.041500
73 0.303312 0.647437 0.246219 0.181042
84 0.682133 0.185125 0.004703 0.034125
84 0.625234 0.186542 0.011656 0.037000
84 0.658227 0.188312 0.005172 0.026875
84 0.627586 0.230469 0.032016 0.037604
84 0.652391 0.226000 0.006469 0.025875
31 0.066664 0.707687 0.131703 0.314208
1 0.410406 0.225750 0.024969 0.026250
62 0.857500 0.325625 0.076187 0.142208
62 0.710617 0.278479 0.054234 0.069375
62 0.947086 0.416844 0.105828 0.051813
76 0.341305 0.684740 0.084891 0.073729
84 0.521477 0.221260 0.034578 0.028854
84 0.508609 0.222073 0.002156 0.023438
84 0.920266 0.191979 0.010875 0.037625
84 0.669719 0.227396 0.003094 0.023000
84 0.670117 0.262323 0.003891 0.020146
84 0.623039 0.188438 0.006047 0.031875
84 0.379008 0.883521 0.177047 0.121042
33 0.071352 0.716896 0.140266 0.316875
62 0.349500 0.489156 0.037125 0.229521
67 0.949898 0.370323 0.100203 0.057104
84 0.305250 0.944302 0.172250 0.111396
62 0.951164 0.696833 0.097641 0.256375
