62 0.479492 0.797125 0.322516 0.405750
76 0.425266 0.632958 0.151219 0.066875
76 0.597438 0.579198 0.152250 0.036104
47 0.306500 0.622260 0.036312 0.080896
74 0.554258 0.594469 0.040172 0.018896
84 0.189508 0.695917 0.162141 0.111625
84 0.935688 0.841563 0.125625 0.083750
84 0.843805 0.425979 0.039859 0.078542
84 0.900164 0.684031 0.060797 0.137271
84 0.662617 0.418729 0.030516 0.101708
84 0.721164 0.310583 0.058078 0.008458
84 0.315492 0.681875 0.088391 0.045500
84 0.846789 0.506490 0.009203 0.038354
84 0.874328 0.520521 0.025062 0.043917
