77 0.202328 0.339553 0.013437 0.016282
1 0.428094 0.638624 0.087000 0.396871
1 0.320094 0.608306 0.159688 0.755059
1 0.967086 0.653247 0.065828 0.665176
1 0.891445 0.514282 0.106828 0.291765
1 0.223008 0.557835 0.102609 0.533271
51 0.082187 0.729447 0.052156 0.044447
44 0.875227 0.525141 0.016984 0.080541
44 0.829461 0.514282 0.019016 0.096612
44 0.808258 0.515424 0.021172 0.092824
44 0.781594 0.504965 0.014438 0.069741
44 0.511781 0.548412 0.022687 0.082988
44 0.461211 0.554353 0.022078 0.082871
44 0.486094 0.553624 0.028625 0.093412
44 0.809164 0.407365 0.014297 0.061835
44 0.880750 0.518612 0.023438 0.086259
44 0.842234 0.405400 0.017500 0.065529
51 0.061547 0.703647 0.057688 0.069835
51 0.064039 0.501071 0.068453 0.059835
67 0.558109 0.482459 0.146250 0.062941
1 0.498797 0.434953 0.026906 0.067929
1 0.569305 0.400341 0.042484 0.115506
1 0.392039 0.503612 0.043891 0.211553
31 0.764953 0.529047 0.046062 0.105153
31 0.178406 0.507412 0.025188 0.151012
31 0.253555 0.875329 0.055203 0.233765
44 0.848266 0.515529 0.018688 0.069929
1 0.692617 0.604729 0.167484 0.773459
77 0.629844 0.659106 0.026906 0.043624
