77 0.597875 0.053254 0.009969 0.010374
77 0.920945 0.130000 0.009047 0.030062
1 0.113664 0.704854 0.142516 0.566590
1 0.687695 0.166507 0.137047 0.164574
1 0.555609 0.084761 0.096062 0.169522
1 0.797328 0.215852 0.109125 0.185010
43 0.158094 0.850821 0.091219 0.209085
1 0.931500 0.303285 0.099844 0.131143
1 0.861500 0.115125 0.115906 0.230249
77 0.838008 0.227983 0.025109 0.022162
77 0.634391 0.182193 0.023406 0.016528
1 0.374398 0.049387 0.128828 0.098773
1 0.479156 0.070936 0.094312 0.140748
1 0.899305 0.138649 0.104328 0.231684
1 0.965406 0.171383 0.069187 0.200936
1 0.757172 0.075343 0.102031 0.150686
1 0.646312 0.093992 0.150969 0.184366
