20 0.583370 0.833600 0.090300 0.153813
20 0.552010 0.567453 0.056220 0.075173
20 0.430010 0.594973 0.047500 0.037787
20 0.420500 0.648427 0.041600 0.088267
20 0.134640 0.745613 0.042240 0.062107
20 0.376020 0.614480 0.029280 0.042027
20 0.035880 0.677760 0.021960 0.035947
20 0.080010 0.734560 0.026500 0.044373
20 0.158910 0.722387 0.018740 0.043813
20 0.185810 0.718427 0.040900 0.057867
20 0.275510 0.731253 0.105140 0.100000
20 0.411710 0.583587 0.044180 0.053147
20 0.256910 0.650293 0.022260 0.032693
20 0.471900 0.579400 0.037000 0.051227
20 0.231420 0.687413 0.030040 0.038880
20 0.515420 0.519813 0.019080 0.019893
20 0.254040 0.669027 0.062800 0.034160
