44 0.716430 0.512312 0.041578 0.217441
1 0.455742 0.711714 0.131922 0.576573
47 0.245695 0.814542 0.104234 0.246080
47 0.461945 0.665376 0.048422 0.105446
1 0.550273 0.689683 0.116391 0.579695
62 0.937961 0.689789 0.082703 0.052347
1 0.260266 0.634836 0.424812 0.703380
1 0.657711 0.662113 0.222766 0.675775
1 0.093188 0.645892 0.186375 0.708216
1 0.172828 0.662958 0.344813 0.674085
3 0.854453 0.528768 0.145719 0.176362
46 0.244586 0.811901 0.107016 0.234038
47 0.956867 0.795434 0.077922 0.143404
