3 0.277747 0.730760 0.324560 0.147760
3 0.735200 0.787640 0.529600 0.240440
3 0.465480 0.675430 0.202853 0.073900
3 0.157107 0.665770 0.115813 0.037620
3 0.069653 0.685220 0.139307 0.067560
3 0.848800 0.652150 0.127200 0.036020
3 0.056547 0.650410 0.080027 0.025820
1 0.060773 0.788260 0.089973 0.250400
88 0.405080 0.906100 0.212240 0.165920
1 0.810133 0.710580 0.054133 0.042440
1 0.437867 0.663300 0.024800 0.013560
1 0.278693 0.688160 0.039200 0.026080
1 0.305160 0.685560 0.024987 0.027960
1 0.688160 0.720330 0.086560 0.058580
