20 0.547523 0.725219 0.164766 0.293118
20 0.383484 0.711201 0.145812 0.278014
20 0.308836 0.541074 0.066078 0.110231
20 0.082203 0.486594 0.050313 0.086905
20 0.563414 0.569630 0.070078 0.057829
20 0.192359 0.465173 0.017563 0.013626
20 0.242734 0.447483 0.013844 0.011594
20 0.370719 0.519885 0.008406 0.016813
20 0.401617 0.522737 0.009391 0.010970
20 0.577617 0.608533 0.081078 0.107413
20 0.430258 0.551905 0.011203 0.011570
20 0.208969 0.433245 0.006313 0.012171
20 0.221266 0.436397 0.007687 0.012194
