62 0.863809 0.534609 0.260495 0.291594
62 0.660873 0.909000 0.678255 0.182000
1 0.561368 0.373781 0.763208 0.609000
50 0.476415 0.108313 0.298208 0.065562
51 0.412064 0.660727 0.372948 0.105422
53 0.628054 0.640836 0.126486 0.083797
57 0.216321 0.756188 0.075283 0.037062
67 0.504269 0.827359 0.988255 0.313906
48 0.440142 0.100695 0.217028 0.053797
62 0.763868 0.217117 0.232358 0.326203
1 0.248844 0.127063 0.190283 0.086531
1 0.476851 0.061930 0.292712 0.123859
67 0.160660 0.212875 0.321321 0.225250
