39 0.656656 0.343653 0.066812 0.127026
1 0.318750 0.572564 0.142000 0.325597
1 0.443852 0.627869 0.180859 0.228571
1 0.685867 0.558653 0.172453 0.380492
1 0.547695 0.192190 0.078859 0.262834
1 0.708070 0.165890 0.113391 0.284754
1 0.838211 0.179052 0.069328 0.250562
1 0.939375 0.169133 0.087844 0.217237
1 0.334531 0.104637 0.069344 0.074426
1 0.324867 0.070246 0.097234 0.096838
1 0.265586 0.107412 0.065547 0.083208
1 0.209016 0.121499 0.053687 0.057049
40 0.516891 0.619941 0.037187 0.048689
1 0.230938 0.074859 0.037000 0.088033
62 0.196875 0.131311 0.066844 0.027588
62 0.289102 0.081674 0.039859 0.060398
62 0.116969 0.137354 0.071563 0.034098
62 0.014859 0.029016 0.029656 0.025059
62 0.234906 0.130375 0.006406 0.023185
62 0.052836 0.040340 0.048391 0.053794
62 0.334484 0.126335 0.066312 0.034871
62 0.253156 0.031183 0.026656 0.050375
62 0.209320 0.022834 0.060578 0.023934
62 0.160211 0.026440 0.023016 0.018642
1 0.061914 0.117717 0.061453 0.073513
