64 0.914469 0.481430 0.101219 0.100141
64 0.586773 0.069148 0.175047 0.129391
64 0.413922 0.054508 0.174187 0.100891
3 0.107297 0.496672 0.210312 0.530031
1 0.370500 0.489867 0.191437 0.581078
1 0.748312 0.444945 0.193250 0.660672
1 0.191008 0.525469 0.206734 0.732594
1 0.575820 0.520266 0.165203 0.531750
27 0.722234 0.844547 0.192125 0.239125
33 0.441578 0.875281 0.424719 0.226969
33 0.452836 0.737133 0.173984 0.089922
27 0.449781 0.742570 0.173563 0.099484
27 0.416969 0.649047 0.126156 0.165813
84 0.508648 0.801797 0.128922 0.059656
31 0.413203 0.645664 0.121781 0.206359
31 0.580773 0.741016 0.091984 0.151688
