3 0.166609 0.729145 0.157812 0.080304
3 0.222969 0.711030 0.129031 0.093630
1 0.544828 0.772482 0.053906 0.148806
1 0.571586 0.743665 0.052266 0.063068
1 0.292719 0.729005 0.030031 0.124754
1 0.380828 0.726581 0.021031 0.099204
4 0.556547 0.836581 0.084844 0.119625
10 0.894508 0.355234 0.028703 0.073372
10 0.701211 0.522506 0.024391 0.045480
10 0.571891 0.464204 0.019250 0.062084
10 0.518766 0.596616 0.008313 0.027799
10 0.588109 0.453735 0.012937 0.046347
10 0.867055 0.373103 0.037547 0.101101
10 0.791836 0.631979 0.009047 0.028829
10 0.569805 0.557131 0.012953 0.035574
3 0.941688 0.711522 0.091375 0.044731
3 0.015805 0.742763 0.031609 0.065574
3 0.016094 0.688899 0.028469 0.044918
10 0.476375 0.616967 0.018750 0.020398
10 0.807469 0.621288 0.007906 0.023934
10 0.845453 0.510199 0.009500 0.025410
10 0.519211 0.645761 0.007859 0.013162
