1 0.342026 0.269633 0.197588 0.161953
1 0.111148 0.300000 0.222295 0.370781
1 0.296393 0.571906 0.592787 0.523594
60 0.313642 0.868305 0.149859 0.061078
60 0.224895 0.780297 0.128244 0.052594
60 0.271616 0.818187 0.149555 0.054781
1 0.853829 0.288805 0.020820 0.019141
1 0.831300 0.289305 0.015808 0.016078
60 0.476311 0.797680 0.090609 0.062578
47 0.703009 0.943055 0.135761 0.071109
60 0.583162 0.828344 0.129415 0.040563
60 0.372998 0.908773 0.127447 0.049234
60 0.407143 0.801898 0.079672 0.041984
60 0.509707 0.757523 0.052436 0.029828
60 0.322400 0.750711 0.081616 0.038047
60 0.387424 0.781898 0.100468 0.082391
47 0.890749 0.985375 0.129836 0.029250
58 0.531335 0.793367 0.103653 0.072203
58 0.436557 0.764328 0.101452 0.035156
