4 0.503008 0.486951 0.993984 0.943808
1 0.311828 0.196624 0.320094 0.393248
1 0.893508 0.118329 0.059297 0.233294
1 0.518797 0.082196 0.052125 0.161355
1 0.469328 0.080748 0.039656 0.161495
1 0.926305 0.138505 0.081328 0.261262
1 0.532375 0.036741 0.025219 0.071893
1 0.391133 0.122313 0.161609 0.243131
1 0.980758 0.126157 0.038484 0.252313
1 0.817930 0.091367 0.040109 0.182734
4 0.045125 0.366402 0.090250 0.188598
4 0.029039 0.158283 0.058078 0.119790
27 0.070680 0.088154 0.092234 0.173131
27 0.889594 0.041589 0.043812 0.082664
1 0.098094 0.173236 0.146781 0.346472
4 0.429797 0.249439 0.228187 0.168505
4 0.637367 0.152967 0.065016 0.100140
1 0.586266 0.044813 0.081094 0.087523
4 0.560570 0.138435 0.138891 0.182150
