7 0.438727 0.435956 0.660172 0.831450
1 0.814742 0.579674 0.070734 0.264727
1 0.638727 0.603025 0.097453 0.307899
1 0.883508 0.477300 0.017266 0.058508
1 0.921266 0.492994 0.038156 0.119727
7 0.050141 0.443130 0.053469 0.195504
15 0.012320 0.511933 0.024641 0.079748
32 0.650148 0.522237 0.012859 0.028887
1 0.792375 0.474706 0.010031 0.035378
1 0.893711 0.470798 0.008172 0.050000
7 0.917516 0.449338 0.140531 0.083424
33 0.938680 0.524601 0.017578 0.040966
1 0.766023 0.479769 0.007484 0.035336
15 0.106164 0.483351 0.035609 0.038004
