28 0.117320 0.496240 0.184172 0.181438
42 0.600102 0.748313 0.031484 0.017583
1 0.348422 0.619958 0.066687 0.245833
28 0.981391 0.534667 0.037219 0.071625
42 0.315219 0.510208 0.035063 0.097625
42 0.204789 0.699896 0.049922 0.119833
42 0.251719 0.505510 0.015781 0.049021
42 0.349617 0.460573 0.021328 0.061062
1 0.867453 0.631885 0.061094 0.254937
1 0.378000 0.454531 0.038875 0.165313
1 0.297742 0.434531 0.041422 0.124771
1 0.115922 0.659937 0.191125 0.497667
1 0.592586 0.679604 0.103172 0.151542
1 0.333352 0.428958 0.051578 0.126917
1 0.241273 0.476458 0.039391 0.210375
1 0.224961 0.478906 0.051047 0.219813
1 0.157062 0.564354 0.052000 0.319750
42 0.591617 0.709854 0.045203 0.057208
