16 0.484427 0.690773 0.389146 0.618453
84 0.169094 0.606406 0.056104 0.063125
84 0.231375 0.672211 0.070417 0.062641
1 0.585302 0.922898 0.829396 0.154203
84 0.212990 0.529312 0.073063 0.069156
84 0.214073 0.457719 0.077687 0.063219
84 0.238198 0.748875 0.071854 0.059094
84 0.199802 0.388750 0.102229 0.056844
84 0.327917 0.378969 0.076583 0.067125
84 0.412719 0.372078 0.074604 0.056688
84 0.601854 0.359258 0.076875 0.072984
84 0.705417 0.521461 0.076000 0.064953
84 0.800708 0.351742 0.077375 0.075797
84 0.704937 0.443500 0.087000 0.060437
84 0.697115 0.355242 0.082604 0.074328
