3 0.216211 0.452323 0.077922 0.045188
4 0.434828 0.771917 0.424719 0.433708
4 0.882469 0.511135 0.101750 0.159104
4 0.793391 0.477594 0.111688 0.156687
4 0.706555 0.476010 0.111891 0.096146
4 0.628523 0.459719 0.071234 0.050979
4 0.310508 0.644896 0.390109 0.383750
4 0.047172 0.496177 0.061406 0.116021
4 0.116867 0.534271 0.100609 0.212875
4 0.559828 0.460885 0.038187 0.071188
4 0.292211 0.542635 0.207609 0.164687
4 0.167078 0.545188 0.162969 0.243042
4 0.023969 0.484563 0.044344 0.072375
3 0.192023 0.431604 0.055891 0.023625
3 0.029250 0.440062 0.058313 0.037750
4 0.504289 0.482000 0.069453 0.100292
