82 0.798523 0.376324 0.113484 0.288739
47 0.904258 0.491607 0.035797 0.049601
61 0.517969 0.455147 0.085125 0.024454
61 0.669227 0.561765 0.092109 0.032227
61 0.494648 0.543477 0.036297 0.032920
61 0.615852 0.541691 0.066203 0.021618
61 0.686641 0.443214 0.034594 0.018739
61 0.522508 0.337784 0.064797 0.022584
79 0.660180 0.204496 0.127016 0.121345
61 0.524766 0.568697 0.086781 0.039202
61 0.407727 0.345189 0.044203 0.019118
61 0.530656 0.541502 0.026375 0.021744
61 0.660680 0.440893 0.017078 0.019979
61 0.360141 0.562185 0.029437 0.028277
61 0.400133 0.559422 0.052078 0.038088
