19 0.714470 0.504288 0.193180 0.283253
19 0.537130 0.377594 0.140140 0.205672
21 0.379690 0.663212 0.284500 0.299113
21 0.200000 0.293548 0.067200 0.066667
21 0.152360 0.301505 0.069200 0.075538
21 0.759070 0.350202 0.075580 0.086210
21 0.885480 0.322715 0.043600 0.092634
1 0.710000 0.405739 0.059960 0.254543
1 0.543830 0.311962 0.056460 0.133172
1 0.632850 0.236210 0.024540 0.060484
1 0.657430 0.234153 0.025020 0.065565
21 0.959620 0.362648 0.080760 0.089005
21 0.592870 0.339328 0.043100 0.077043
21 0.816940 0.334987 0.041400 0.079543
21 0.854400 0.261304 0.028120 0.045349
21 0.056800 0.302581 0.078560 0.066828
21 0.417400 0.349839 0.043720 0.078871
19 0.423900 0.344247 0.055640 0.092742
19 0.624810 0.248616 0.059700 0.047823
19 0.662080 0.239395 0.024160 0.042876
