85 0.971260 0.358359 0.057479 0.067562
52 0.598573 0.619047 0.128438 0.090094
52 0.434083 0.684047 0.215208 0.054781
52 0.211948 0.647953 0.151646 0.113219
52 0.546219 0.682594 0.170062 0.058469
52 0.449063 0.640492 0.221708 0.059984
52 0.700510 0.672508 0.118271 0.092797
52 0.802990 0.673469 0.281646 0.170781
52 0.279521 0.617055 0.239500 0.159859
52 0.548687 0.615414 0.111083 0.055516
52 0.634948 0.710297 0.104104 0.111000
52 0.314365 0.693492 0.080271 0.066234
52 0.439135 0.733125 0.139229 0.041406
52 0.756083 0.694078 0.062583 0.077875
