1 0.243281 0.701114 0.012594 0.067409
1 0.390477 0.540460 0.011422 0.049666
1 0.372727 0.595794 0.009453 0.049805
1 0.364719 0.337911 0.008625 0.036713
1 0.374961 0.337173 0.012297 0.041532
1 0.210203 0.826769 0.009500 0.055655
1 0.377617 0.719109 0.011641 0.049359
8 0.299664 0.664791 0.073109 0.208802
8 0.348680 0.489234 0.062766 0.126323
8 0.553836 0.233329 0.065984 0.121755
8 0.325180 0.589331 0.054297 0.159387
8 0.369703 0.452368 0.049281 0.152201
8 0.436195 0.282883 0.069953 0.117131
3 0.351938 0.751003 0.034156 0.053203
3 0.355773 0.724123 0.037828 0.041560
3 0.362594 0.691365 0.035531 0.051476
3 0.454250 0.408997 0.027813 0.040836
3 0.505953 0.462827 0.023688 0.034791
3 0.514375 0.442632 0.032438 0.033064
8 0.481797 0.261866 0.074063 0.124234
1 0.438063 0.019582 0.007719 0.012813
1 0.330094 0.427786 0.009000 0.048496
1 0.484289 0.060515 0.005797 0.031504
3 0.465586 0.077117 0.021703 0.032953
3 0.461023 0.048900 0.021516 0.025877
4 0.437664 0.032772 0.006672 0.018691
8 0.407820 0.323259 0.054078 0.130139
3 0.473727 0.139331 0.057641 0.041114
3 0.435031 0.126685 0.042750 0.029192
3 0.531078 0.376643 0.031344 0.016741
3 0.514406 0.422270 0.029000 0.024596
1 0.609461 0.055139 0.006516 0.015460
