38 0.478547 0.526686 0.022250 0.055574
38 0.970359 0.095960 0.050219 0.069719
38 0.213945 0.249906 0.049547 0.037892
38 0.981555 0.178618 0.036203 0.065386
27 0.086578 0.422178 0.034156 0.072927
10 0.704398 0.276101 0.015266 0.023630
1 0.577844 0.573162 0.068781 0.239063
1 0.358336 0.409309 0.025391 0.080492
27 0.811297 0.396932 0.018125 0.045761
38 0.306320 0.433864 0.041391 0.075831
38 0.251797 0.357295 0.037219 0.061756
38 0.400445 0.486475 0.056297 0.044988
1 0.559820 0.413689 0.013328 0.069344
1 0.717875 0.443290 0.037094 0.114918
1 0.678367 0.404040 0.008734 0.053794
1 0.116352 0.452834 0.052172 0.188337
1 0.089797 0.451815 0.066969 0.189906
1 0.377117 0.405480 0.011953 0.060562
1 0.624898 0.427951 0.012328 0.049813
1 0.978250 0.493255 0.043500 0.267307
1 0.832953 0.430457 0.023906 0.124333
1 0.808258 0.424578 0.027953 0.129532
10 0.441523 0.300281 0.008672 0.005855
10 0.568164 0.317073 0.004859 0.013443
1 0.067789 0.416171 0.018297 0.035340
38 0.917914 0.014297 0.020547 0.024988
38 0.433883 0.511745 0.033734 0.060023
38 0.351172 0.465913 0.032031 0.059368
38 0.597984 0.574555 0.031688 0.050890
