1 0.490484 0.723528 0.059750 0.444167
1 0.465969 0.693472 0.041906 0.294389
1 0.546547 0.757889 0.107906 0.432444
31 0.881547 0.751972 0.065812 0.082556
31 0.877164 0.812069 0.060391 0.068028
31 0.746727 0.751694 0.031953 0.137444
31 0.728969 0.598819 0.065469 0.128139
31 0.841984 0.500361 0.083594 0.130333
33 0.300945 0.647389 0.056953 0.171389
33 0.242609 0.639639 0.059531 0.157667
33 0.308492 0.912167 0.067141 0.148667
1 0.378367 0.606736 0.030859 0.201972
27 0.761508 0.191111 0.067297 0.148611
27 0.860906 0.900611 0.074219 0.131944
27 0.211523 0.512306 0.035766 0.077278
27 0.877508 0.820250 0.062078 0.078000
27 0.728523 0.194875 0.042203 0.157194
31 0.688266 0.677694 0.039344 0.103833
33 0.315383 0.779778 0.044234 0.125833
33 0.206500 0.950236 0.058437 0.094861
33 0.192188 0.808583 0.075000 0.205889
33 0.190844 0.654583 0.072625 0.116389
33 0.342211 0.636917 0.028578 0.033667
33 0.357133 0.811083 0.031734 0.170000
33 0.381180 0.786069 0.030391 0.149139
33 0.412555 0.782069 0.035922 0.124750
33 0.397523 0.786611 0.029391 0.138944
84 0.034828 0.594625 0.026719 0.080417
84 0.045039 0.671306 0.017797 0.083889
84 0.057813 0.589139 0.021000 0.081889
84 0.032953 0.934319 0.054937 0.045917
84 0.056148 0.975333 0.063234 0.037056
84 0.016664 0.677306 0.031266 0.079667
84 0.009484 0.405847 0.016344 0.116806
84 0.043219 0.298819 0.049938 0.103528
84 0.038172 0.412292 0.047188 0.116139
84 0.017719 0.520764 0.030187 0.066639
27 0.757125 0.332250 0.065281 0.143167
27 0.139641 0.274958 0.112937 0.259028
27 0.206180 0.280986 0.054828 0.155806
27 0.255258 0.301625 0.062453 0.171306
27 0.303898 0.320250 0.047516 0.157000
27 0.175328 0.412875 0.065406 0.142694
27 0.345906 0.335556 0.041969 0.155889
31 0.567367 0.515750 0.020797 0.048722
31 0.584664 0.508986 0.025172 0.051139
31 0.561398 0.548347 0.021578 0.026139
27 0.830117 0.178111 0.071328 0.146944
33 0.140109 0.614875 0.125031 0.275250
84 0.022383 0.519833 0.034828 0.073722
84 0.061789 0.665667 0.025703 0.101944
84 0.030836 0.676167 0.032609 0.080000
1 0.618477 0.759125 0.186578 0.471083
