28 0.530906 0.310271 0.300000 0.166292
1 0.477211 0.638198 0.363172 0.606646
15 0.638195 0.716219 0.208328 0.408812
27 0.581945 0.667177 0.184141 0.121687
16 0.287719 0.364063 0.025750 0.020292
16 0.914672 0.346479 0.021000 0.020167
16 0.678469 0.355823 0.027875 0.021854
16 0.697211 0.348594 0.015703 0.015021
16 0.365398 0.355802 0.025641 0.029687
16 0.748727 0.344542 0.011391 0.022250
16 0.654414 0.350177 0.023266 0.020938
16 0.623664 0.354698 0.019609 0.015938
16 0.270367 0.357354 0.014891 0.019583
44 0.430070 0.592990 0.033172 0.075854
84 0.496953 0.600688 0.076156 0.035042
1 0.927914 0.307396 0.030766 0.058667
16 0.090883 0.372854 0.017391 0.012250
16 0.051406 0.360677 0.026406 0.030354
16 0.043734 0.372552 0.016906 0.013479
1 0.501820 0.505833 0.104953 0.298250
1 0.555305 0.462177 0.050359 0.127646
16 0.986055 0.340646 0.010234 0.023375
