2 0.747810 0.622225 0.412220 0.548382
2 0.432790 0.810130 0.718900 0.379104
3 0.486030 0.153309 0.462340 0.263382
3 0.248770 0.161908 0.281580 0.171387
3 0.944360 0.180665 0.107480 0.182890
3 0.751890 0.120607 0.133380 0.106763
3 0.922960 0.100751 0.095120 0.078728
1 0.390640 0.593020 0.400320 0.793555
1 0.717660 0.518728 0.197480 0.840462
1 0.083700 0.126373 0.042080 0.169451
1 0.034240 0.124032 0.057000 0.171301
1 0.383760 0.057413 0.010040 0.028988
1 0.274330 0.117500 0.036100 0.046908
59 0.298300 0.420448 0.157640 0.131647
59 0.650850 0.268512 0.089300 0.045173
1 0.487040 0.085275 0.069600 0.058064
1 0.394720 0.053223 0.007960 0.017601
3 0.764790 0.062312 0.075860 0.016590
59 0.664610 0.268483 0.046660 0.025116
1 0.455450 0.043367 0.012340 0.017832
1 0.315610 0.056575 0.028660 0.034769
3 0.955130 0.077702 0.076380 0.063382
3 0.862280 0.077197 0.153080 0.054624
3 0.384040 0.085361 0.035120 0.024191
