72 0.392008 0.389698 0.174734 0.210313
62 0.635844 0.659875 0.274688 0.415875
74 0.511445 0.566260 0.046078 0.031146
76 0.410633 0.575854 0.170672 0.075083
84 0.667172 0.234292 0.063094 0.149667
84 0.639195 0.232427 0.057953 0.146687
84 0.797570 0.249750 0.113203 0.044792
84 0.714797 0.238781 0.052406 0.140188
84 0.804187 0.282469 0.133313 0.025979
84 0.694047 0.234594 0.056063 0.147187
84 0.901195 0.249969 0.051422 0.086979
84 0.953547 0.255625 0.042219 0.090083
84 0.768164 0.872625 0.174359 0.106000
27 0.594875 0.689927 0.175687 0.247604
84 0.876375 0.250240 0.053219 0.093396
84 0.888141 0.248990 0.052000 0.089896
18 0.386852 0.249844 0.058516 0.085729
77 0.603859 0.367271 0.042438 0.023667
