4 0.731883 0.796522 0.415828 0.400960
4 0.469305 0.636323 0.025109 0.055691
4 0.355273 0.669801 0.027672 0.075621
4 0.415063 0.610398 0.009500 0.024684
1 0.360531 0.618642 0.030937 0.104309
1 0.877820 0.223255 0.244359 0.446511
1 0.578336 0.595902 0.011234 0.037939
1 0.642672 0.588560 0.016656 0.050749
1 0.656086 0.597037 0.024734 0.073138
1 0.463734 0.607974 0.026406 0.080023
1 0.808852 0.729169 0.382297 0.510187
4 0.406383 0.607143 0.005547 0.016019
4 0.659555 0.613080 0.047516 0.056511
4 0.579102 0.606206 0.026266 0.026089
4 0.517000 0.603759 0.024063 0.024052
4 0.363922 0.958431 0.395125 0.057143
1 0.418125 0.599614 0.012594 0.034731
