3 0.198664 0.935802 0.118547 0.128396
3 0.061203 0.949623 0.122406 0.100755
6 0.270211 0.678656 0.531484 0.256179
1 0.699758 0.745967 0.034422 0.099198
1 0.125102 0.849363 0.039766 0.123255
1 0.049023 0.554741 0.014641 0.058632
1 0.426250 0.531403 0.007812 0.045778
1 0.459336 0.526120 0.009891 0.046439
6 0.886961 0.601851 0.226078 0.112948
6 0.281172 0.483007 0.202250 0.050684
6 0.310492 0.538420 0.203109 0.085943
6 0.724500 0.505979 0.226281 0.056722
1 0.508422 0.517417 0.009094 0.044835
1 0.411969 0.484634 0.006750 0.027241
1 0.078469 0.477476 0.009312 0.033160
1 0.848539 0.635224 0.015109 0.045071
1 0.064516 0.481804 0.008500 0.030920
1 0.875492 0.645047 0.009078 0.026321
6 0.886000 0.626533 0.159125 0.078679
15 0.182328 0.847771 0.103656 0.042759
27 0.045453 0.549116 0.007594 0.018042
3 0.503695 0.928113 0.150891 0.143774
3 0.927016 0.499540 0.067281 0.035401
3 0.872320 0.493125 0.037078 0.033042
6 0.594289 0.509446 0.185766 0.069033
6 0.013875 0.493325 0.027750 0.091509
15 0.700547 0.599009 0.049688 0.017028
15 0.648570 0.596792 0.027391 0.011368
31 0.685031 0.761993 0.010656 0.023184
1 0.404125 0.484540 0.005969 0.027052
8 0.506305 0.928526 0.146078 0.142948
1 0.421398 0.490861 0.008828 0.037382
