40 0.529242 0.536308 0.046141 0.059299
40 0.136508 0.298049 0.014922 0.029603
1 0.114445 0.333551 0.064328 0.237150
1 0.858727 0.322699 0.045141 0.107593
1 0.894750 0.266939 0.031187 0.071355
1 0.933898 0.284229 0.027609 0.038318
1 0.723680 0.275713 0.030734 0.046612
1 0.704703 0.269509 0.032750 0.053224
1 0.686914 0.269953 0.019578 0.033364
1 0.657773 0.268902 0.029078 0.053224
1 0.551977 0.259918 0.034703 0.063762
1 0.462516 0.203470 0.026469 0.054743
1 0.535203 0.184638 0.028469 0.049509
62 0.819648 0.196016 0.025891 0.012780
62 0.851430 0.186787 0.021484 0.021893
62 0.881148 0.219766 0.022391 0.029533
62 0.900031 0.182710 0.019906 0.008224
62 0.932063 0.254322 0.030875 0.035701
62 0.942516 0.228505 0.024500 0.017710
62 0.966711 0.292056 0.028234 0.019579
62 0.990164 0.293575 0.019672 0.019159
62 0.910555 0.248680 0.019578 0.029276
62 0.882359 0.241577 0.015000 0.013388
62 0.875297 0.282383 0.018531 0.032383
62 0.978031 0.272979 0.027656 0.019089
1 0.494375 0.532126 0.111781 0.508037
