64 0.944414 0.191302 0.111172 0.338604
44 0.847586 0.273115 0.230641 0.541937
62 0.174195 0.235479 0.345172 0.466667
62 0.680797 0.161583 0.209219 0.323167
59 0.398648 0.771396 0.476359 0.452708
84 0.421773 0.200052 0.023516 0.089063
84 0.454609 0.206865 0.013844 0.096312
84 0.450164 0.210573 0.012672 0.084521
84 0.406852 0.218927 0.038266 0.103104
84 0.461398 0.207875 0.017422 0.096708
67 0.500000 0.621344 1.000000 0.757312
84 0.432156 0.211167 0.016000 0.080375
84 0.441367 0.205281 0.021172 0.097021
84 0.439688 0.212188 0.016344 0.078542
84 0.397062 0.070604 0.006656 0.084417
44 0.040711 0.508594 0.078797 0.440563
