54 0.675102 0.537588 0.528203 0.551148
54 0.432547 0.510117 0.217406 0.408993
54 0.368844 0.452237 0.180219 0.305597
62 0.067164 0.481194 0.134328 0.460843
48 0.909844 0.608302 0.179469 0.371686
67 0.538703 0.875000 0.912125 0.220726
67 0.319586 0.311792 0.222922 0.023396
67 0.587781 0.296464 0.102125 0.013208
54 0.374117 0.496241 0.186016 0.341241
54 0.282148 0.426569 0.159922 0.212529
62 0.945828 0.345515 0.108344 0.279321
62 0.188031 0.383115 0.098781 0.303888
62 0.492773 0.300105 0.098547 0.106674
62 0.802758 0.343571 0.067859 0.143536
62 0.232906 0.352658 0.061313 0.194637
54 0.306406 0.468384 0.168031 0.281499
