44 0.554531 0.092469 0.054281 0.153562
47 0.542836 0.241708 0.080109 0.148833
48 0.883727 0.405969 0.232016 0.096271
49 0.244898 0.539323 0.177922 0.253521
51 0.390844 0.040135 0.093031 0.075729
59 0.535477 0.556302 0.388516 0.362604
44 0.420727 0.210104 0.066328 0.119875
50 0.129562 0.365750 0.046469 0.037542
67 0.500000 0.482031 1.000000 0.950562
44 0.601687 0.175146 0.070375 0.149250
44 0.442008 0.136021 0.054953 0.146000
47 0.070781 0.240969 0.076219 0.072729
47 0.260445 0.156885 0.068828 0.084854
47 0.025750 0.290021 0.050406 0.114833
47 0.045023 0.418427 0.087266 0.130229
