2 0.442977 0.557240 0.045547 0.058479
1 0.441352 0.535031 0.029766 0.104771
1 0.769367 0.417969 0.045547 0.058396
3 0.348352 0.522417 0.028047 0.024833
3 0.055211 0.531302 0.072953 0.069396
3 0.012617 0.539937 0.023953 0.064708
3 0.200922 0.528604 0.039969 0.044250
8 0.831180 0.465917 0.337641 0.433708
10 0.203000 0.252260 0.022625 0.069396
10 0.558766 0.352490 0.016875 0.103729
10 0.038000 0.258177 0.032031 0.067229
10 0.526289 0.358573 0.022672 0.100896
3 0.372328 0.521708 0.023813 0.023875
3 0.409844 0.523188 0.042156 0.036625
3 0.159914 0.524823 0.033891 0.033063
8 0.120422 0.530281 0.114594 0.076771
8 0.239063 0.526854 0.061125 0.050542
10 0.574672 0.432229 0.021031 0.026917
3 0.313312 0.518104 0.050906 0.043250
3 0.390344 0.517833 0.016313 0.021750
3 0.290039 0.515646 0.009484 0.023000
