37 0.365000 0.719892 0.058406 0.081507
1 0.481047 0.470957 0.246250 0.571435
1 0.953758 0.450024 0.090172 0.376890
1 0.343234 0.446866 0.098062 0.442057
1 0.095125 0.490969 0.051313 0.217823
1 0.801180 0.430837 0.036266 0.092775
1 0.528836 0.155646 0.043859 0.091627
1 0.856508 0.142033 0.023266 0.068134
1 0.194633 0.139701 0.043172 0.109306
1 0.188687 0.474462 0.279406 0.554091
1 0.119617 0.167416 0.060172 0.083158
15 0.110102 0.282919 0.217578 0.019474
15 0.113914 0.250598 0.199172 0.013828
15 0.762258 0.514258 0.265641 0.069952
15 0.044992 0.299067 0.076234 0.017033
15 0.061531 0.339856 0.072125 0.020335
15 0.117352 0.236519 0.200359 0.017823
