16 0.165695 0.429753 0.018078 0.020220
16 0.146320 0.374657 0.011016 0.009698
16 0.209078 0.428475 0.013344 0.012500
16 0.254305 0.428956 0.016422 0.019066
16 0.272586 0.381470 0.009734 0.021401
16 0.383336 0.442404 0.017734 0.020962
16 0.519648 0.450247 0.012672 0.012143
16 0.445562 0.440632 0.017250 0.013626
16 0.562484 0.442734 0.015250 0.010192
16 0.790820 0.481566 0.012328 0.017363
16 0.024539 0.444986 0.009516 0.017225
16 0.115180 0.433915 0.016828 0.012445
16 0.353000 0.406951 0.011781 0.019121
16 0.609312 0.447266 0.018563 0.010467
16 0.863523 0.265591 0.012234 0.040852
16 0.698766 0.464368 0.013906 0.014670
9 0.319289 0.446635 0.092297 0.266676
9 0.739172 0.506511 0.035094 0.065220
9 0.561445 0.531690 0.028109 0.010962
16 0.789555 0.482445 0.017609 0.020659
