32 0.511979 0.521195 0.103333 0.158641
3 0.715646 0.046031 0.202708 0.070094
3 0.290542 0.021648 0.074417 0.038703
1 0.512010 0.605852 0.405396 0.740984
1 0.246156 0.732969 0.486438 0.534062
1 0.197937 0.308859 0.231833 0.409875
1 0.392667 0.240664 0.152375 0.362641
31 0.228469 0.229414 0.044771 0.115453
1 0.180531 0.027813 0.022146 0.052781
3 0.545115 0.031000 0.141979 0.051812
3 0.365500 0.025797 0.069917 0.036125
3 0.585188 0.043023 0.092875 0.053266
3 0.146010 0.017852 0.050354 0.027453
3 0.084698 0.015148 0.055729 0.029266
3 0.035729 0.015258 0.068792 0.030484
3 0.457792 0.031867 0.115833 0.043578
3 0.216125 0.019258 0.054333 0.033328
32 0.377125 0.148406 0.015042 0.041281
