44 0.092354 0.242375 0.048792 0.093406
44 0.140198 0.210016 0.058896 0.043750
44 0.144188 0.056336 0.098375 0.110672
44 0.150542 0.278500 0.060208 0.092469
46 0.965104 0.234859 0.069125 0.116406
46 0.913646 0.236219 0.067042 0.111125
46 0.967083 0.647234 0.065833 0.168313
47 0.565063 0.631016 0.089125 0.069531
47 0.967656 0.622016 0.064687 0.119938
47 0.854010 0.496227 0.086688 0.083641
47 0.927146 0.482258 0.045708 0.070172
47 0.853719 0.558336 0.052438 0.053641
47 0.937875 0.047750 0.049500 0.072125
78 0.476823 0.529148 0.409562 0.179359
79 0.107135 0.868852 0.211521 0.259453
44 0.340927 0.414133 0.034479 0.071328
46 0.743958 0.054422 0.061417 0.103625
46 0.851510 0.045164 0.046604 0.089141
46 0.893969 0.044414 0.059813 0.088109
46 0.789865 0.049031 0.048438 0.098062
48 0.580740 0.639539 0.124021 0.036047
49 0.285771 0.719578 0.213458 0.018969
44 0.374094 0.410953 0.028479 0.075156
44 0.405010 0.414438 0.028146 0.068187
47 0.945010 0.551078 0.082771 0.067219
47 0.831917 0.269953 0.113500 0.046781
