39 0.875711 0.465360 0.193703 0.182074
40 0.420531 0.664039 0.104531 0.155066
1 0.206984 0.689465 0.413969 0.598668
1 0.512656 0.472194 0.460500 0.923777
1 0.190109 0.078985 0.061594 0.128624
1 0.776109 0.087052 0.050656 0.088821
1 0.698320 0.086114 0.068984 0.099127
1 0.944469 0.074007 0.057875 0.113472
1 0.903469 0.077445 0.041875 0.110830
1 0.621945 0.055731 0.059172 0.093559
1 0.617531 0.102817 0.080719 0.062838
1 0.393461 0.108133 0.054609 0.072380
1 0.741812 0.023755 0.036750 0.046987
1 0.434617 0.100437 0.030547 0.043974
1 0.856656 0.106900 0.066719 0.055197
