28 0.470780 0.391760 0.460680 0.289880
28 0.839690 0.435200 0.302700 0.177120
28 0.720770 0.308800 0.234900 0.105840
28 0.190360 0.162160 0.328680 0.176920
1 0.383640 0.562740 0.256480 0.194680
1 0.818870 0.556160 0.143780 0.246480
1 0.558600 0.609880 0.150720 0.214400
1 0.103370 0.373030 0.197740 0.391020
1 0.378630 0.219880 0.082980 0.110160
3 0.280510 0.135410 0.125460 0.106500
1 0.666290 0.647940 0.253940 0.487640
28 0.915000 0.406000 0.059800 0.059480
64 0.418840 0.119530 0.124560 0.164100
64 0.525770 0.153020 0.125540 0.206320
64 0.324300 0.041720 0.067040 0.082560
1 0.297400 0.796100 0.283120 0.277920
