44 0.752956 0.544092 0.052444 0.098450
44 0.906389 0.540000 0.037133 0.120933
44 0.892600 0.283625 0.038667 0.101483
62 0.168867 0.632400 0.116000 0.233333
62 0.381456 0.651875 0.216956 0.224283
67 0.350278 0.646158 0.334556 0.227683
78 0.688289 0.519225 0.221956 0.106017
44 0.881978 0.562750 0.032267 0.088200
51 0.619178 0.692325 0.122933 0.061350
62 0.337178 0.515150 0.125244 0.029067
44 0.792722 0.559542 0.029533 0.086117
72 0.529267 0.500075 0.110311 0.079250
79 0.830756 0.809400 0.338489 0.381200
