44 0.168984 0.699167 0.054094 0.207750
44 0.099422 0.824292 0.079344 0.234958
44 0.291813 0.901365 0.076531 0.193771
44 0.729453 0.920813 0.083344 0.158375
44 0.865922 0.217083 0.038781 0.107417
82 0.859063 0.579635 0.281875 0.626396
1 0.640359 0.574062 0.202250 0.663458
51 0.947008 0.909417 0.105984 0.181167
78 0.038680 0.786990 0.077359 0.233188
44 0.136594 0.597740 0.023094 0.098854
78 0.295453 0.357427 0.119656 0.164104
79 0.299023 0.670135 0.278578 0.394812
44 0.832023 0.203198 0.031484 0.046479
31 0.920359 0.191344 0.086250 0.107771
