38 0.675797 0.807305 0.076313 0.029714
1 0.447562 0.541641 0.012313 0.062135
1 0.747992 0.559557 0.024266 0.092917
1 0.959828 0.553594 0.020906 0.065833
1 0.259055 0.569518 0.017047 0.076172
1 0.769844 0.551393 0.015031 0.070964
1 0.577430 0.537044 0.015953 0.050339
1 0.521695 0.533607 0.012984 0.044870
1 0.490195 0.550521 0.013641 0.039062
1 0.471672 0.539297 0.011813 0.066406
1 0.288648 0.585534 0.010266 0.048724
1 0.439734 0.536992 0.010812 0.067422
1 0.997039 0.546302 0.005734 0.066979
1 0.488102 0.543581 0.005703 0.038932
