5 0.407766 0.470716 0.617656 0.231995
1 0.180555 0.714683 0.005328 0.020258
1 0.318141 0.690998 0.007906 0.024812
1 0.235375 0.698474 0.006531 0.022958
1 0.244969 0.706925 0.007719 0.030188
1 0.128773 0.699683 0.004203 0.020962
1 0.379594 0.688556 0.005687 0.022887
1 0.065719 0.708638 0.006438 0.021221
1 0.191492 0.694742 0.006734 0.025258
1 0.207289 0.714800 0.005672 0.018850
1 0.227383 0.699484 0.008672 0.025493
1 0.153305 0.700939 0.006141 0.017559
1 0.213992 0.717676 0.004859 0.015352
1 0.215328 0.690059 0.007281 0.021526
