34 0.741828 0.664887 0.117844 0.070170
1 0.363984 0.574320 0.491937 0.851360
1 0.048336 0.423598 0.094203 0.555071
1 0.841227 0.377309 0.229359 0.744363
1 0.671789 0.334830 0.071891 0.152833
1 0.140055 0.270779 0.049578 0.357309
1 0.149078 0.499547 0.102094 0.224249
1 0.309180 0.209660 0.049641 0.180907
1 0.483648 0.255552 0.066828 0.359263
1 0.327375 0.153074 0.025781 0.102068
1 0.597820 0.386969 0.160984 0.752918
1 0.939758 0.227819 0.048578 0.335071
1 0.723656 0.413739 0.145219 0.157960
1 0.098594 0.308484 0.059219 0.357252
