72 0.549492 0.443817 0.079453 0.119110
62 0.232000 0.697084 0.195969 0.444941
62 0.847258 0.706452 0.202297 0.427939
67 0.660086 0.871745 0.638797 0.231686
44 0.506250 0.961663 0.023250 0.074192
73 0.328117 0.535703 0.084078 0.091827
84 0.673359 0.823033 0.086031 0.087986
84 0.897305 0.270972 0.005109 0.045129
84 0.877203 0.420375 0.037406 0.076581
44 0.877320 0.271616 0.012797 0.044590
62 0.537375 0.730141 0.159906 0.223841
62 0.217492 0.944496 0.070891 0.102810
44 0.511945 0.898923 0.024328 0.039344
44 0.534227 0.871546 0.019891 0.022810
44 0.547758 0.961581 0.022203 0.026487
44 0.586867 0.923431 0.022984 0.032482
44 0.558164 0.890831 0.021391 0.044848
44 0.627875 0.979028 0.025375 0.039836
44 0.472742 0.945047 0.023359 0.105691
44 0.504008 0.875585 0.019734 0.031967
44 0.611242 0.946054 0.030172 0.071218
44 0.911547 0.420738 0.014625 0.059602
44 0.496070 0.950269 0.023484 0.099461
84 0.080453 0.524988 0.050313 0.047307
84 0.915937 0.269696 0.010719 0.045012
84 0.896430 0.422541 0.010797 0.060867
