7 0.621461 0.590316 0.220391 0.260679
1 0.730242 0.662354 0.019047 0.098197
1 0.748906 0.670667 0.020469 0.103583
1 0.841039 0.658478 0.025109 0.094941
1 0.931375 0.652763 0.033219 0.052600
1 0.695117 0.661042 0.024859 0.087143
1 0.651953 0.668712 0.015844 0.096206
1 0.669406 0.658103 0.013187 0.083185
1 0.681070 0.658091 0.011359 0.088126
1 0.709109 0.664391 0.015656 0.089391
1 0.721273 0.660222 0.014266 0.091874
1 0.764430 0.664988 0.022234 0.104122
1 0.771922 0.624930 0.008344 0.035714
1 0.703937 0.611440 0.013125 0.038525
7 0.155242 0.611393 0.307172 0.284660
7 0.396156 0.591429 0.140625 0.176112
