3 0.603219 0.326874 0.268219 0.104660
4 0.278875 0.459555 0.203906 0.505621
1 0.893188 0.629368 0.213625 0.480375
1 0.845961 0.607482 0.284516 0.456604
1 0.862438 0.496159 0.112375 0.169087
1 0.772664 0.580585 0.256797 0.422201
1 0.279727 0.438841 0.152422 0.396230
77 0.946125 0.531464 0.016594 0.027330
77 0.870977 0.518595 0.016797 0.014707
15 0.060164 0.444883 0.118797 0.176370
15 0.762938 0.433349 0.087063 0.138267
15 0.822195 0.422178 0.061328 0.135878
15 0.929922 0.807037 0.140156 0.212342
31 0.705109 0.743735 0.078969 0.073232
1 0.038859 0.503150 0.077719 0.126674
8 0.153125 0.279977 0.236656 0.208525
15 0.896578 0.366253 0.052719 0.048244
1 0.893305 0.324930 0.030953 0.098197
