85 0.587633 0.289188 0.066422 0.085200
3 0.941867 0.948800 0.069734 0.018118
3 0.730953 0.940906 0.063531 0.031882
3 0.648633 0.944388 0.040078 0.016071
1 0.176383 0.935729 0.012297 0.038282
1 0.202766 0.940659 0.012031 0.027859
1 0.241437 0.948765 0.012344 0.014659
1 0.303891 0.948929 0.009344 0.015082
6 0.428242 0.919753 0.125328 0.062188
1 0.248969 0.948447 0.004344 0.012612
1 0.458570 0.937376 0.010734 0.026424
1 0.183938 0.939235 0.011437 0.028541
1 0.324688 0.949812 0.008594 0.013271
1 0.448555 0.932294 0.009859 0.040824
1 0.888570 0.946776 0.013016 0.017741
3 0.787859 0.946329 0.036437 0.006965
1 0.900461 0.945294 0.012016 0.019435
1 0.258156 0.945518 0.011094 0.017953
