1 0.117539 0.346969 0.077953 0.307104
1 0.897750 0.151688 0.204500 0.303375
58 0.542648 0.446042 0.552359 0.491750
1 0.181234 0.382469 0.037187 0.175187
1 0.209602 0.368417 0.032172 0.136083
1 0.014125 0.269531 0.026281 0.108979
1 0.815172 0.612365 0.369656 0.514604
1 0.146602 0.355281 0.046484 0.231396
1 0.260266 0.442000 0.020906 0.079792
1 0.531719 0.477802 0.320406 0.955604
1 0.050445 0.338073 0.100891 0.345896
57 0.484828 0.469521 0.262781 0.227333
1 0.255086 0.375323 0.070984 0.208729
1 0.759078 0.103969 0.172406 0.205521
