72 0.231875 0.536250 0.201500 0.262375
63 0.919438 0.793562 0.155781 0.387583
1 0.541008 0.497906 0.182016 0.559562
84 0.311148 0.721750 0.012047 0.063208
84 0.328953 0.711969 0.009437 0.056813
84 0.703313 0.812312 0.124531 0.120083
27 0.705766 0.651344 0.109625 0.126854
27 0.802031 0.499542 0.044469 0.060458
84 0.449852 0.762781 0.044516 0.050562
84 0.339422 0.581115 0.011562 0.065854
84 0.237242 0.769740 0.051859 0.091521
84 0.282562 0.741250 0.059719 0.092417
84 0.337031 0.703417 0.006281 0.062125
27 0.756578 0.454802 0.075969 0.116271
