47 0.358508 0.784248 0.033953 0.091458
47 0.410422 0.673229 0.039719 0.084468
47 0.208047 0.865463 0.036906 0.104259
47 0.534195 0.607708 0.021047 0.065370
48 0.551477 0.690475 0.037953 0.029190
59 0.604391 0.620312 0.040500 0.029329
59 0.083305 0.772859 0.090047 0.088542
59 0.646109 0.506470 0.033375 0.035162
31 0.914883 0.801007 0.043141 0.190718
1 0.496219 0.803356 0.154375 0.383426
1 0.646367 0.728843 0.166391 0.335509
1 0.700109 0.558391 0.088250 0.173264
1 0.375250 0.574039 0.095125 0.239375
1 0.798484 0.516574 0.062719 0.215185
1 0.273031 0.624722 0.115281 0.242685
1 0.168305 0.863032 0.240953 0.273935
1 0.463805 0.528113 0.092609 0.189005
1 0.534328 0.493519 0.088000 0.187778
1 0.117531 0.661088 0.122969 0.191620
47 0.630719 0.586088 0.021063 0.058102
47 0.022375 0.467014 0.024125 0.045000
47 0.550969 0.594780 0.018438 0.064144
47 0.029297 0.890463 0.046219 0.112500
62 0.774750 0.746771 0.076875 0.298588
62 0.821500 0.656748 0.059750 0.244792
62 0.861969 0.627604 0.069094 0.261319
62 0.904766 0.555972 0.044875 0.215556
62 0.929211 0.511690 0.042672 0.190833
62 0.963914 0.481273 0.062391 0.182731
62 0.033250 0.703414 0.066500 0.239144
67 0.289609 0.494282 0.313594 0.169537
67 0.986008 0.829850 0.027984 0.129097
67 0.255984 0.481644 0.039625 0.054167
1 0.585180 0.474306 0.072578 0.156806
47 0.289359 0.718646 0.024875 0.075069
47 0.133547 0.491134 0.024719 0.050556
62 0.202406 0.628507 0.054375 0.202153
62 0.310258 0.548171 0.050984 0.114583
62 0.558125 0.908056 0.100031 0.183889
62 0.408266 0.499051 0.033656 0.094491
1 0.684891 0.422245 0.061875 0.147454
31 0.715211 0.872998 0.066609 0.195162
64 0.734258 0.267072 0.055891 0.099190
1 0.721195 0.403438 0.040453 0.124375
47 0.613367 0.549329 0.018078 0.054769
67 0.470805 0.679850 0.621203 0.512523
47 0.246508 0.484444 0.016234 0.043750
47 0.643141 0.565370 0.016781 0.052500
62 0.956984 0.358831 0.029281 0.071505
