42 0.396563 0.678653 0.670188 0.175293
1 0.361797 0.472342 0.050844 0.208103
1 0.601133 0.500773 0.025453 0.132037
1 0.716437 0.483021 0.015031 0.050867
1 0.500742 0.517248 0.031234 0.117916
1 0.555633 0.489309 0.005766 0.015714
1 0.142734 0.519895 0.042844 0.080258
1 0.522789 0.482108 0.011484 0.022857
1 0.240969 0.320000 0.067500 0.197658
3 0.029906 0.469461 0.035844 0.027073
1 0.123219 0.503407 0.031000 0.082927
1 0.611211 0.486300 0.006359 0.038970
1 0.027383 0.531581 0.054766 0.150047
1 0.614688 0.487904 0.010312 0.056136
3 0.157492 0.459637 0.025984 0.023677
3 0.058937 0.464133 0.037812 0.027705
9 0.500000 0.853314 1.000000 0.172904
62 0.229445 0.326511 0.091703 0.165199
1 0.864406 0.492283 0.007094 0.011171
