51 0.796626 0.196626 0.357304 0.325833
56 0.342418 0.347255 0.195850 0.171307
56 0.543529 0.365882 0.216471 0.148235
56 0.163930 0.322239 0.192042 0.161601
56 0.467092 0.451683 0.160131 0.100000
56 0.325882 0.472941 0.120000 0.112941
56 0.122451 0.483529 0.177353 0.177353
57 0.200000 0.538203 0.085392 0.078660
57 0.464109 0.810163 0.102696 0.079216
67 0.497753 0.501119 0.932598 0.930343
57 0.236912 0.752900 0.104281 0.126650
57 0.331544 0.626266 0.107500 0.107500
57 0.448725 0.660817 0.053431 0.075163
57 0.634314 0.570588 0.070458 0.096013
57 0.534763 0.811650 0.064036 0.105621
57 0.589649 0.835033 0.057108 0.069412
57 0.518235 0.708456 0.049902 0.092598
57 0.560948 0.508554 0.085131 0.077533
